100	1	2	10000.0	0.0	16.666666666666668
101	2	3	10000.0	0.0	16.666666666666668
102	3	4	10000.0	0.0	16.666666666666668
103	4	5	10000.0	0.0	16.666666666666668
104	5	6	700.1317492637207	0.0	11.11111111111111
105	6	7	449.693280738604	0.0	11.11111111111111
106	7	8	1459.640685597959	0.0	11.11111111111111
107	8	9	1459.640685597959	0.0	11.11111111111111
108	9	10	1459.640685597959	0.0	11.11111111111111
109	10	11	10000.0	0.0	11.11111111111111
110	11	12	10000.0	0.0	11.11111111111111
111	12	13	10000.0	0.0	16.666666666666668
112	13	14	10000.0	0.0	19.444444444444443
113	14	15	10000.0	0.0	19.444444444444443
114	15	16	6704.729983882527	0.0	27.77777777777778
115	16	17	5368.850274153115	0.0	27.77777777777778
116	17	18	4746.471889690602	0.0	27.77777777777778
117	18	19	5518.160923718389	0.0	27.77777777777778
118	19	20	10000.0	0.0	27.77777777777778
119	20	21	1745.300514410561	0.0	27.77777777777778
120	21	22	1745.300514410561	0.0	27.77777777777778
121	22	23	1745.300514410561	0.0	27.77777777777778
122	23	24	1745.300514410561	0.0	27.77777777777778
123	24	25	1745.300514410561	0.0	27.77777777777778
124	25	26	2583.0837912835686	0.0	27.77777777777778
125	26	27	726.666647682141	0.0	27.77777777777778
126	27	28	3024.403712498034	0.0	27.77777777777778
127	28	29	3820.883419852211	0.0	27.77777777777778
128	29	30	4505.473464420943	0.0	27.77777777777778
129	30	31	1376.9284573733205	0.0	27.77777777777778
130	31	32	10000.0	0.0	22.22222222222222
131	32	33	10000.0	0.0	22.22222222222222
132	33	34	10000.0	0.0	22.22222222222222
133	34	35	10000.0	0.0	22.22222222222222
134	35	36	4605.353483397331	0.0	22.22222222222222
135	36	37	4675.676521793659	0.0	22.22222222222222
136	37	38	10000.0	0.0	22.22222222222222
137	38	39	8078.858025388138	0.0	22.22222222222222
138	39	40	8078.858025388138	0.0	22.22222222222222
139	40	41	2651.965140382599	0.0	22.22222222222222
140	41	42	10000.0	0.0	33.333333333333336
141	42	43	10000.0	0.0	27.77777777777778
142	43	44	10000.0	0.0	27.77777777777778
143	44	45	10000.0	0.0	27.77777777777778
144	45	46	10000.0	0.0	27.77777777777778
145	46	47	10000.0	0.0	27.77777777777778
146	47	48	10000.0	0.0	27.77777777777778
147	48	49	10000.0	0.0	27.77777777777778
148	49	50	10000.0	0.0	27.77777777777778
149	50	51	10000.0	0.0	33.333333333333336
150	51	52	10000.0	0.0	33.333333333333336
151	52	53	10000.0	0.0	33.333333333333336
152	53	54	10000.0	0.0	33.333333333333336
153	54	55	10000.0	0.0	33.333333333333336
154	55	56	10000.0	0.0	33.333333333333336
155	56	57	10000.0	0.0	33.333333333333336
156	57	58	10000.0	0.0	27.77777777777778
157	58	59	10000.0	0.0	27.77777777777778
158	59	60	10000.0	0.0	27.77777777777778
159	60	61	10000.0	0.0	27.77777777777778
160	61	62	2313.4405226940244	0.0	27.77777777777778
161	62	63	2313.4405226940244	0.0	27.77777777777778
162	63	64	2313.4405226940244	0.0	27.77777777777778
163	64	65	2313.4405226940244	0.0	27.77777777777778
164	65	66	2313.4405226940244	0.0	27.77777777777778
165	66	67	2313.4405226940244	0.0	27.77777777777778
166	67	68	1977.9403444318425	0.0	27.77777777777778
167	68	69	830.0259275585394	0.0	27.77777777777778
168	69	70	10000.0	0.0	27.77777777777778
169	70	71	10000.0	0.0	27.77777777777778
170	71	72	6411.929771247687	0.0	27.77777777777778
171	72	73	6411.929771247687	0.0	27.77777777777778
172	73	74	3219.593342376927	0.0	27.77777777777778
173	74	75	10000.0	0.0	33.333333333333336
174	75	76	10000.0	0.0	33.333333333333336
175	76	77	10000.0	0.0	33.333333333333336
176	77	78	10000.0	0.0	33.333333333333336
177	78	79	10000.0	0.0	33.333333333333336
178	79	80	10000.0	0.0	33.333333333333336
179	80	81	10000.0	0.0	33.333333333333336
180	81	82	10000.0	0.0	33.333333333333336
181	82	83	10000.0	0.0	33.333333333333336
182	83	84	10000.0	0.0	33.333333333333336
183	84	85	10000.0	0.0	33.333333333333336
184	85	86	10000.0	0.0	33.333333333333336
185	86	87	10000.0	0.0	33.333333333333336
186	87	88	4057.8837929231	0.0	33.333333333333336
187	88	89	4057.8837929231	0.0	33.333333333333336
188	89	90	4057.8837929231	0.0	33.333333333333336
189	90	91	4057.8837929231	0.0	33.333333333333336
190	91	92	4057.8837929231	0.0	33.333333333333336
191	92	93	4057.8837929231	0.0	33.333333333333336
192	93	94	2054.1010571488277	0.0	33.333333333333336
193	94	95	1802.9300867196412	0.0	33.333333333333336
194	95	96	10000.0	0.0	33.333333333333336
195	96	97	6216.779357818354	0.0	33.333333333333336
196	97	98	4391.5308811704745	0.0	33.333333333333336
197	98	99	7661.9355429765665	0.0	33.333333333333336
198	99	100	4234.437046288396	0.0	33.333333333333336
199	100	101	4234.437046288396	0.0	33.333333333333336
200	101	102	3415.097051921802	0.0	33.333333333333336
201	102	103	10000.0	0.0	33.333333333333336
202	103	104	10000.0	0.0	33.333333333333336
203	104	105	10000.0	0.0	33.333333333333336
204	105	106	10000.0	0.0	33.333333333333336
205	106	107	10000.0	0.0	33.333333333333336
206	107	108	10000.0	0.0	33.333333333333336
207	108	109	10000.0	0.0	33.333333333333336
208	109	110	7895.43820352112	0.0	33.333333333333336
209	110	111	7895.43820352112	0.0	33.333333333333336
210	111	112	7895.43820352112	0.0	33.333333333333336
211	112	113	7895.43820352112	0.0	33.333333333333336
212	113	114	3819.1851612383234	0.0	33.333333333333336
213	114	115	2996.2194314273534	0.0	33.333333333333336
214	115	116	3966.2312614560337	0.0	33.333333333333336
215	116	117	3966.2312614560337	0.0	33.333333333333336
216	117	118	3613.486710541212	0.0	33.333333333333336
217	118	119	3183.9935360882773	0.0	33.333333333333336
218	119	120	7466.728923276648	0.0	33.333333333333336
219	120	121	3767.943050164307	0.0	33.333333333333336
220	121	122	3767.943050164307	0.0	33.333333333333336
221	122	123	3767.943050164307	0.0	33.333333333333336
222	123	124	3767.943050164307	0.0	33.333333333333336
223	124	125	3767.943050164307	0.0	33.333333333333336
224	125	126	3767.943050164307	0.0	33.333333333333336
225	126	127	3767.943050164307	0.0	33.333333333333336
226	127	128	1607.751755229836	0.0	33.333333333333336
227	128	129	2131.81437101677	0.0	33.333333333333336
228	129	130	1075.849067777668	0.0	33.333333333333336
229	130	131	10000.0	0.0	33.333333333333336
230	131	132	10000.0	0.0	33.333333333333336
231	132	133	10000.0	0.0	33.333333333333336
232	133	134	4369.244970391526	0.0	33.333333333333336
233	134	135	6080.504882752194	0.0	33.333333333333336
234	135	136	2606.2987590114512	0.0	33.333333333333336
235	136	137	2606.2987590114512	0.0	33.333333333333336
236	137	138	2606.2987590114512	0.0	33.333333333333336
237	138	139	2606.2987590114512	0.0	33.333333333333336
238	139	140	1043.055052492429	0.0	33.333333333333336
239	140	141	1764.0387734816193	0.0	33.333333333333336
240	141	142	768.3689844480392	0.0	33.333333333333336
241	142	143	9244.305760776824	0.0	33.333333333333336
242	143	144	9244.305760776824	0.0	33.333333333333336
243	144	145	2982.8002126509678	0.0	33.333333333333336
244	145	146	4980.068989872082	0.0	33.333333333333336
245	146	147	3241.4296529866965	0.0	33.333333333333336
246	147	148	2387.6498412046253	0.0	33.333333333333336
247	148	149	4476.704149523831	0.0	33.333333333333336
248	149	150	4476.704149523831	0.0	33.333333333333336
249	150	151	4476.704149523831	0.0	33.333333333333336
250	151	152	6399.314254699566	0.0	33.333333333333336
251	152	153	3240.167923127029	0.0	33.333333333333336
252	153	154	2565.6938211855054	0.0	33.333333333333336
253	154	155	2565.6938211855054	0.0	33.333333333333336
254	155	156	3307.97860906397	0.0	33.333333333333336
255	156	157	2842.905231583568	0.0	33.333333333333336
256	157	158	10000.0	0.0	33.333333333333336
257	158	159	10000.0	0.0	33.333333333333336
258	159	160	10000.0	0.0	33.333333333333336
259	160	161	1827.2463385305828	0.0	33.333333333333336
260	161	162	1827.2463385305828	0.0	33.333333333333336
261	162	163	1827.2463385305828	0.0	33.333333333333336
262	163	164	1827.2463385305828	0.0	33.333333333333336
263	164	165	1174.5700845573044	0.0	25.0
264	165	166	4108.711131576231	0.0	25.0
265	166	167	4108.711131576231	0.0	25.0
266	167	168	594.3668058350485	0.0	25.0
267	168	169	1480.4042116679636	0.0	25.0
268	169	170	10000.0	0.0	25.0
269	170	171	10000.0	0.0	25.0
270	171	172	10000.0	0.0	25.0
271	172	173	10000.0	0.0	25.0
272	173	174	4309.969278380469	0.0	25.0
273	174	175	4309.969278380469	0.0	25.0
274	175	176	1721.911442422681	0.0	25.0
275	176	177	1172.3708773192495	0.0	25.0
276	177	178	1618.6468573556913	0.0	25.0
277	178	179	790.6761153587373	0.0	25.0
278	179	180	10000.0	0.0	25.0
279	180	181	10000.0	0.0	25.0
