100	1	2	10000.0	0.0	16.666666666666668
101	2	3	882.2292938195241	0.0	33.333333333333336
102	3	4	882.2292938195241	0.0	33.333333333333336
103	4	5	10000.0	0.0	33.333333333333336
104	5	6	9813.002423233042	0.0	33.333333333333336
105	6	7	9813.002423233042	0.0	33.333333333333336
106	7	8	574.2247124704444	0.0	33.333333333333336
107	8	9	10000.0	0.0	33.333333333333336
108	9	10	10000.0	0.0	33.333333333333336
109	10	11	10000.0	0.0	33.333333333333336
110	11	12	10000.0	0.0	33.333333333333336
111	12	13	10000.0	0.0	33.333333333333336
112	13	14	10000.0	0.0	33.333333333333336
113	14	15	10000.0	0.0	33.333333333333336
114	15	16	10000.0	0.0	33.333333333333336
115	16	17	3146.6221551829235	0.0	33.333333333333336
116	17	18	3146.6221551829235	0.0	33.333333333333336
117	18	19	3146.6221551829235	0.0	33.333333333333336
118	19	20	3146.6221551829235	0.0	33.333333333333336
119	20	21	3146.6221551829235	0.0	33.333333333333336
120	21	22	3146.6221551829235	0.0	33.333333333333336
121	22	23	3146.6221551829235	0.0	33.333333333333336
122	23	24	890.7073890552316	0.0	33.333333333333336
123	24	25	737.9325399445504	0.0	33.333333333333336
124	25	26	767.374634670222	0.0	33.333333333333336
125	26	27	743.229068287938	0.0	33.333333333333336
126	27	28	826.8972670928498	0.0	33.333333333333336
127	28	29	5888.4527695705965	0.0	33.333333333333336
128	29	30	1009.4756250825154	0.0	33.333333333333336
129	30	31	1159.4354705755068	0.0	33.333333333333336
130	31	32	1222.8421435961652	0.0	33.333333333333336
131	32	33	1184.2157498605045	0.0	33.333333333333336
132	33	34	942.68707854413	0.0	33.333333333333336
133	34	35	1067.9497831067035	0.0	33.333333333333336
134	35	36	789.3772009505818	0.0	33.333333333333336
135	36	37	893.1928516049646	0.0	33.333333333333336
136	37	38	2886.7864217917813	0.0	33.333333333333336
137	38	39	3026.945802589593	0.0	33.333333333333336
138	39	40	3026.945802589593	0.0	33.333333333333336
139	40	41	3026.945802589593	0.0	33.333333333333336
140	41	42	1626.2113979462736	0.0	33.333333333333336
141	42	43	1028.0484493635684	0.0	33.333333333333336
142	43	44	917.0113199154132	0.0	33.333333333333336
143	44	45	1053.3233149417556	0.0	33.333333333333336
144	45	46	10000.0	0.0	33.333333333333336
145	46	47	2635.817582833537	0.0	33.333333333333336
146	47	48	2635.817582833537	0.0	33.333333333333336
147	48	49	2635.817582833537	0.0	33.333333333333336
148	49	50	2635.817582833537	0.0	33.333333333333336
149	50	51	2635.817582833537	0.0	33.333333333333336
150	51	52	2635.817582833537	0.0	33.333333333333336
151	52	53	2635.817582833537	0.0	33.333333333333336
152	53	54	1042.9298910779842	0.0	33.333333333333336
153	54	55	956.4935564773832	0.0	33.333333333333336
154	55	56	1028.301642071444	0.0	33.333333333333336
155	56	57	1042.797133086915	0.0	33.333333333333336
156	57	58	1824.2840602607816	0.0	33.333333333333336
157	58	59	10000.0	0.0	33.333333333333336
158	59	60	4124.913293711514	0.0	33.333333333333336
159	60	61	4124.913293711514	0.0	33.333333333333336
160	61	62	2773.269645649686	0.0	33.333333333333336
161	62	63	10000.0	0.0	33.333333333333336
162	63	64	10000.0	0.0	33.333333333333336
163	64	65	10000.0	0.0	33.333333333333336
164	65	66	10000.0	0.0	33.333333333333336
165	66	67	10000.0	0.0	33.333333333333336
166	67	68	10000.0	0.0	33.333333333333336
167	68	69	6660.125809028219	0.0	33.333333333333336
168	69	70	6660.125809028219	0.0	33.333333333333336
169	70	71	6660.125809028219	0.0	33.333333333333336
170	71	72	6660.125809028219	0.0	33.333333333333336
171	72	73	6660.125809028219	0.0	33.333333333333336
172	73	74	6660.125809028219	0.0	33.333333333333336
173	74	75	5336.440909825713	0.0	33.333333333333336
174	75	76	4483.179258768267	0.0	33.333333333333336
175	76	77	10000.0	0.0	33.333333333333336
176	77	78	10000.0	0.0	33.333333333333336
177	78	79	10000.0	0.0	33.333333333333336
178	79	80	10000.0	0.0	33.333333333333336
179	80	81	10000.0	0.0	33.333333333333336
180	81	82	4642.263633890386	0.0	33.333333333333336
181	82	83	2052.0318621051765	0.0	33.333333333333336
182	83	84	1734.9469178699626	0.0	33.333333333333336
183	84	85	1196.7190595418845	0.0	33.333333333333336
184	85	86	1261.819802618716	0.0	33.333333333333336
185	86	87	1446.0119781770677	0.0	33.333333333333336
186	87	88	1555.627282071012	0.0	33.333333333333336
187	88	89	8480.031503500753	0.0	33.333333333333336
188	89	90	10000.0	0.0	33.333333333333336
189	90	91	10000.0	0.0	33.333333333333336
190	91	92	10000.0	0.0	33.333333333333336
191	92	93	10000.0	0.0	33.333333333333336
192	93	94	4238.895276230649	0.0	33.333333333333336
193	94	95	5346.953809358735	0.0	33.333333333333336
194	95	96	2410.334755314406	0.0	33.333333333333336
195	96	97	1792.2338598230483	0.0	33.333333333333336
196	97	98	1293.0793348560323	0.0	33.333333333333336
197	98	99	3349.3236386836347	0.0	33.333333333333336
198	99	100	2905.614431305966	0.0	33.333333333333336
199	100	101	1820.666874412896	0.0	33.333333333333336
200	101	102	10000.0	0.0	33.333333333333336
201	102	103	10000.0	0.0	33.333333333333336
202	103	104	10000.0	0.0	33.333333333333336
203	104	105	10000.0	0.0	33.333333333333336
204	105	106	7490.766844591095	0.0	33.333333333333336
205	106	107	6117.283666490889	0.0	33.333333333333336
206	107	108	10000.0	0.0	33.333333333333336
207	108	109	10000.0	0.0	33.333333333333336
208	109	110	10000.0	0.0	33.333333333333336
209	110	111	10000.0	0.0	33.333333333333336
210	111	112	10000.0	0.0	33.333333333333336
211	112	113	9585.975944414176	0.0	33.333333333333336
212	113	114	9585.975944414176	0.0	33.333333333333336
213	114	115	3195.969971224809	0.0	33.333333333333336
214	115	116	3195.969971224809	0.0	33.333333333333336
215	116	117	8486.016829600732	0.0	33.333333333333336
216	117	118	2817.633840803908	0.0	33.333333333333336
217	118	119	1789.7257966539817	0.0	33.333333333333336
218	119	120	1698.167703651195	0.0	33.333333333333336
219	120	121	1466.728580435576	0.0	33.333333333333336
220	121	122	1593.1756870624818	0.0	33.333333333333336
221	122	123	1838.913595842395	0.0	33.333333333333336
222	123	124	10000.0	0.0	33.333333333333336
223	124	125	10000.0	0.0	33.333333333333336
224	125	126	8124.4455365504655	0.0	33.333333333333336
225	126	127	8124.4455365504655	0.0	33.333333333333336
226	127	128	8124.4455365504655	0.0	33.333333333333336
227	128	129	8124.4455365504655	0.0	33.333333333333336
228	129	130	1728.2281013948254	0.0	33.333333333333336
229	130	131	2408.6113389347674	0.0	33.333333333333336
230	131	132	6097.4338294817335	0.0	33.333333333333336
231	132	133	6097.4338294817335	0.0	33.333333333333336
232	133	134	6097.4338294817335	0.0	33.333333333333336
233	134	135	3365.695057541553	0.0	33.333333333333336
234	135	136	2717.6151990117773	0.0	33.333333333333336
235	136	137	10000.0	0.0	33.333333333333336
236	137	138	10000.0	0.0	33.333333333333336
237	138	139	10000.0	0.0	33.333333333333336
238	139	140	10000.0	0.0	33.333333333333336
239	140	141	10000.0	0.0	33.333333333333336
240	141	142	10000.0	0.0	33.333333333333336
241	142	143	10000.0	0.0	33.333333333333336
242	143	144	10000.0	0.0	33.333333333333336
243	144	145	10000.0	0.0	33.333333333333336
244	145	146	1439.7411595663696	0.0	33.333333333333336
245	146	147	1160.0921170423385	0.0	33.333333333333336
246	147	148	1104.4787406438902	0.0	33.333333333333336
247	148	149	1157.337649464083	0.0	33.333333333333336
248	149	150	1232.98885261596	0.0	33.333333333333336
249	150	151	1352.384297676572	0.0	33.333333333333336
250	151	152	5819.943266398183	0.0	33.333333333333336
251	152	153	4389.482353864007	0.0	33.333333333333336
252	153	154	4389.482353864007	0.0	33.333333333333336
253	154	155	4389.482353864007	0.0	33.333333333333336
254	155	156	4389.482353864007	0.0	33.333333333333336
255	156	157	4389.482353864007	0.0	33.333333333333336
256	157	158	2040.79940201126	0.0	33.333333333333336
257	158	159	3965.566644206804	0.0	33.333333333333336
258	159	160	10000.0	0.0	33.333333333333336
259	160	161	10000.0	0.0	33.333333333333336
260	161	162	10000.0	0.0	33.333333333333336
261	162	163	10000.0	0.0	33.333333333333336
262	163	164	10000.0	0.0	33.333333333333336
263	164	165	10000.0	0.0	33.333333333333336
264	165	166	10000.0	0.0	33.333333333333336
265	166	167	10000.0	0.0	33.333333333333336
266	167	168	1642.9385089706827	0.0	33.333333333333336
267	168	169	1642.9385089706827	0.0	33.333333333333336
268	169	170	1422.817290664889	0.0	33.333333333333336
269	170	171	835.3902336420726	0.0	33.333333333333336
270	171	172	1307.645956895882	0.0	33.333333333333336
271	172	173	1189.1149286467764	0.0	33.333333333333336
272	173	174	1380.4336299143074	0.0	33.333333333333336
273	174	175	1320.6226709446807	0.0	33.333333333333336
274	175	176	1213.8996640553212	0.0	33.333333333333336
275	176	177	1562.8210665740469	0.0	33.333333333333336
276	177	178	10000.0	0.0	33.333333333333336
277	178	179	2582.542723950364	0.0	33.333333333333336
278	179	180	1571.2647983446127	0.0	33.333333333333336
279	180	181	1926.3441050226213	0.0	33.333333333333336
280	181	182	1365.826861471621	0.0	33.333333333333336
281	182	183	1603.993360063446	0.0	33.333333333333336
282	183	184	1685.096880201251	0.0	33.333333333333336
283	184	185	2108.2996241005653	0.0	33.333333333333336
284	185	186	4163.051382453675	0.0	33.333333333333336
285	186	187	10000.0	0.0	33.333333333333336
286	187	188	10000.0	0.0	33.333333333333336
287	188	189	10000.0	0.0	33.333333333333336
288	189	190	10000.0	0.0	33.333333333333336
289	190	191	10000.0	0.0	33.333333333333336
290	191	192	10000.0	0.0	33.333333333333336
291	192	193	10000.0	0.0	33.333333333333336
292	193	194	1571.3694157558232	0.0	33.333333333333336
293	194	195	1213.5199003614396	0.0	33.333333333333336
294	195	196	1496.9935769715564	0.0	33.333333333333336
295	196	197	8574.2671380164	0.0	33.333333333333336
296	197	198	3452.7096877692456	0.0	33.333333333333336
297	198	199	1232.1594800654395	0.0	33.333333333333336
298	199	200	905.8867177733852	0.0	33.333333333333336
299	200	201	709.1500397296087	0.0	33.333333333333336
300	201	202	631.5878155306327	0.0	33.333333333333336
301	202	203	667.2509668618892	0.0	33.333333333333336
302	203	204	1238.4851183693986	0.0	33.333333333333336
303	204	205	5870.504038194987	0.0	33.333333333333336
304	205	206	10000.0	0.0	33.333333333333336
305	206	207	5565.960726572531	0.0	33.333333333333336
306	207	208	5565.960726572531	0.0	33.333333333333336
307	208	209	5565.960726572531	0.0	33.333333333333336
308	209	210	1121.4802022990325	0.0	33.333333333333336
309	210	211	733.4583338970319	0.0	33.333333333333336
310	211	212	745.7359171890838	0.0	33.333333333333336
311	212	213	680.644310356612	0.0	33.333333333333336
312	213	214	645.3012212217819	0.0	33.333333333333336
313	214	215	3271.3461214582603	0.0	33.333333333333336
314	215	216	10000.0	0.0	33.333333333333336
315	216	217	7574.91815230731	-0.0	16.666666666666668
316	217	218	7574.91815230731	-0.0	16.666666666666668
317	218	219	7574.91815230731	-0.0	16.666666666666668
318	219	220	7574.91815230731	-0.0	16.666666666666668
319	220	221	3738.233809789215	-0.0	16.666666666666668
320	221	222	3738.233809789215	-0.0	16.666666666666668
321	222	223	8573.10156634709	-0.0	16.666666666666668
322	223	224	10000.0	-0.0	16.666666666666668
323	224	225	10000.0	-0.0	16.666666666666668
324	225	226	10000.0	-0.0	16.666666666666668
325	226	227	9183.87502530246	-0.0	16.666666666666668
326	227	228	1289.0736318514294	-0.0	16.666666666666668
327	228	229	1091.6539519406867	-0.0	16.666666666666668
328	229	230	10000.0	0.0	33.333333333333336
329	230	231	10000.0	0.0	33.333333333333336
330	231	232	10000.0	0.0	33.333333333333336
331	232	233	10000.0	0.0	33.333333333333336
332	233	234	10000.0	0.0	33.333333333333336
333	234	235	4583.916814894979	0.0	33.333333333333336
334	235	236	4583.916814894979	0.0	33.333333333333336
335	236	237	4583.916814894979	0.0	33.333333333333336
336	237	238	4583.916814894979	0.0	33.333333333333336
337	238	239	4583.916814894979	0.0	33.333333333333336
338	239	240	4583.916814894979	0.0	33.333333333333336
339	240	241	4583.916814894979	0.0	33.333333333333336
340	241	242	4583.916814894979	0.0	33.333333333333336
341	242	243	4630.1470193890245	0.0	33.333333333333336
342	243	244	1331.9265581023014	0.0	33.333333333333336
343	244	245	1643.9808760097958	0.0	33.333333333333336
344	245	246	2036.725311139268	0.0	33.333333333333336
345	246	247	10000.0	0.0	33.333333333333336
346	247	248	10000.0	0.0	33.333333333333336
347	248	249	10000.0	0.0	33.333333333333336
348	249	250	10000.0	0.0	33.333333333333336
349	250	251	10000.0	0.0	33.333333333333336
350	251	252	10000.0	0.0	33.333333333333336
351	252	253	10000.0	0.0	33.333333333333336
352	253	254	10000.0	0.0	33.333333333333336
353	254	255	2870.010502649557	0.0	33.333333333333336
354	255	256	1570.8594035509736	0.0	33.333333333333336
355	256	257	1498.3706661666424	0.0	33.333333333333336
356	257	258	1576.45726184905	0.0	33.333333333333336
357	258	259	1482.9841192666554	0.0	33.333333333333336
358	259	260	1416.725701114237	0.0	33.333333333333336
359	260	261	1560.546747181679	0.0	33.333333333333336
360	261	262	1312.1364371082827	0.0	33.333333333333336
361	262	263	1220.7557044448383	0.0	33.333333333333336
362	263	264	1647.1594545064163	0.0	33.333333333333336
363	264	265	1182.3823983941993	0.0	33.333333333333336
364	265	266	1506.138255389796	0.0	33.333333333333336
365	266	267	1927.1583819495063	0.0	33.333333333333336
366	267	268	10000.0	0.0	33.333333333333336
367	268	269	4370.296229162645	0.0	33.333333333333336
368	269	270	4370.296229162645	0.0	33.333333333333336
369	270	271	2761.750681329057	0.0	33.333333333333336
370	271	272	10000.0	0.0	33.333333333333336
371	272	273	5224.589750496665	0.0	33.333333333333336
372	273	274	10000.0	0.0	33.333333333333336
373	274	275	10000.0	0.0	33.333333333333336
374	275	276	10000.0	0.0	33.333333333333336
375	276	277	10000.0	0.0	33.333333333333336
376	277	278	7414.062076893877	0.0	33.333333333333336
377	278	279	7414.062076893877	0.0	33.333333333333336
378	279	280	7414.062076893877	0.0	33.333333333333336
379	280	281	7414.062076893877	0.0	33.333333333333336
380	281	282	1532.5451672854615	0.0	33.333333333333336
381	282	283	1509.723322123934	0.0	33.333333333333336
382	283	284	1484.304034835362	0.0	33.333333333333336
383	284	285	1536.6341010551969	0.0	33.333333333333336
384	285	286	1558.9854853327045	0.0	33.333333333333336
385	286	287	1869.0855330091165	0.0	33.333333333333336
386	287	288	5437.554983877666	0.0	33.333333333333336
387	288	289	2574.044555166055	0.0	33.333333333333336
388	289	290	2574.044555166055	0.0	33.333333333333336
389	290	291	2574.044555166055	0.0	33.333333333333336
390	291	292	2574.044555166055	0.0	33.333333333333336
391	292	293	1299.959008585679	0.0	33.333333333333336
392	293	294	1243.2135904510803	0.0	33.333333333333336
393	294	295	1236.4706739532917	0.0	33.333333333333336
394	295	296	2363.2816120825214	0.0	33.333333333333336
395	296	297	10000.0	0.0	33.333333333333336
396	297	298	2369.6612975579947	0.0	33.333333333333336
397	298	299	2369.6612975579947	0.0	33.333333333333336
398	299	300	940.7654067872628	0.0	33.333333333333336
399	300	301	9915.623909172216	0.0	33.333333333333336
400	301	302	5492.734127394543	0.0	33.333333333333336
401	302	303	2251.313506527633	0.0	33.333333333333336
402	303	304	1232.8651637561684	0.0	33.333333333333336
403	304	305	1418.5478018654885	0.0	33.333333333333336
404	305	306	1713.6406911943975	0.0	33.333333333333336
405	306	307	1194.1158622798175	0.0	33.333333333333336
406	307	308	1290.808108771084	0.0	33.333333333333336
407	308	309	1321.7795558579014	0.0	33.333333333333336
408	309	310	1358.1223191720485	0.0	33.333333333333336
409	310	311	1483.9310400574027	0.0	33.333333333333336
410	311	312	6816.924921767169	0.0	33.333333333333336
411	312	313	10000.0	0.0	33.333333333333336
412	313	314	10000.0	0.0	33.333333333333336
413	314	315	10000.0	0.0	33.333333333333336
414	315	316	10000.0	0.0	33.333333333333336
415	316	317	10000.0	0.0	33.333333333333336
416	317	318	10000.0	0.0	33.333333333333336
417	318	319	5850.114643154661	0.0	33.333333333333336
418	319	320	5850.114643154661	0.0	33.333333333333336
419	320	321	1070.9330412308454	0.0	33.333333333333336
420	321	322	896.1488884190129	0.0	33.333333333333336
421	322	323	1949.2457153993412	0.0	33.333333333333336
422	323	324	4425.098463935366	0.0	33.333333333333336
423	324	325	5715.043769712502	0.0	33.333333333333336
424	325	326	5715.043769712502	0.0	33.333333333333336
425	326	327	2575.909540257976	0.0	33.333333333333336
426	327	328	1547.1667751696648	0.0	33.333333333333336
427	328	329	1886.37364248186	0.0	33.333333333333336
428	329	330	9587.1775129067	0.0	33.333333333333336
429	330	331	7370.916368847985	0.0	33.333333333333336
430	331	332	7370.916368847985	0.0	33.333333333333336
431	332	333	1876.934600470811	0.0	33.333333333333336
432	333	334	1473.262750309589	0.0	33.333333333333336
433	334	335	1516.879597668512	0.0	33.333333333333336
434	335	336	1286.8009191822707	0.0	33.333333333333336
435	336	337	1346.595487359976	0.0	33.333333333333336
436	337	338	1178.9879947119482	0.0	33.333333333333336
437	338	339	4626.848653169011	0.0	33.333333333333336
438	339	340	4113.3548516475175	0.0	33.333333333333336
439	340	341	7785.489598947111	0.0	33.333333333333336
440	341	342	3404.749140620208	0.0	33.333333333333336
441	342	343	3404.749140620208	0.0	33.333333333333336
442	343	344	2874.2802362074867	0.0	33.333333333333336
443	344	345	1656.3950090497765	0.0	33.333333333333336
444	345	346	834.1252909806079	0.0	33.333333333333336
445	346	347	795.5838622583394	0.0	33.333333333333336
446	347	348	736.3911552961949	0.0	33.333333333333336
447	348	349	694.5476975196273	0.0	33.333333333333336
448	349	350	794.6279677539476	0.0	33.333333333333336
449	350	351	2633.828834709372	0.0	33.333333333333336
450	351	352	1435.8393471929865	0.0	33.333333333333336
451	352	353	1428.0726701491712	0.0	33.333333333333336
452	353	354	9972.72607483734	0.0	33.333333333333336
453	354	355	10000.0	0.0	33.333333333333336
454	355	356	10000.0	0.0	33.333333333333336
455	356	357	10000.0	0.0	33.333333333333336
456	357	358	10000.0	0.0	33.333333333333336
457	358	359	10000.0	0.0	33.333333333333336
458	359	360	10000.0	0.0	33.333333333333336
459	360	361	10000.0	0.0	33.333333333333336
460	361	362	1460.332538319033	0.0	25.0
461	362	363	10000.0	0.0	25.0
462	363	364	3278.05697246581	0.0	25.0
463	364	365	1159.2036341803678	0.0	25.0
464	365	366	826.5971183623535	0.0	25.0
465	366	367	1314.7549118230752	0.0	25.0
466	367	368	2115.012338121567	0.0	25.0
467	368	369	1862.1861969544548	0.0	25.0
468	369	370	1410.260608071479	0.0	25.0
469	370	371	1923.288122915731	0.0	25.0
470	371	372	3205.4440068646422	0.0	25.0
471	372	373	3205.4440068646422	0.0	25.0
472	373	374	6442.927823821708	0.0	25.0
473	374	375	1231.7128694531025	0.0	25.0
474	375	376	1231.7128694531025	0.0	25.0
475	376	377	815.1110080832191	0.0	16.666666666666668
476	377	378	512.5556892088547	0.0	16.666666666666668
477	378	379	393.2132290199413	0.0	16.666666666666668
478	379	380	228.92310449844885	0.0	16.666666666666668
479	380	381	290.6312412752004	0.0	16.666666666666668
480	381	382	355.3850574008079	0.0	16.666666666666668
481	382	383	638.9082380042652	0.0	16.666666666666668
482	383	384	891.5031405652867	0.0	16.666666666666668
483	384	385	554.1461973675292	0.0	16.666666666666668
484	385	386	431.5895762108319	0.0	16.666666666666668
485	386	387	10000.0	0.0	16.666666666666668
486	387	388	1709.8845829667478	0.0	16.666666666666668
487	388	389	1709.8845829667478	0.0	16.666666666666668
488	389	390	752.308683865822	0.0	19.444444444444443
489	390	391	801.1932828111527	0.0	19.444444444444443
490	391	392	10000.0	0.0	19.444444444444443
491	392	393	3605.895306504781	0.0	19.444444444444443
492	393	394	3605.895306504781	0.0	19.444444444444443
493	394	395	736.8430721500497	0.0	19.444444444444443
494	395	396	295.69436465104314	0.0	19.444444444444443
495	396	397	1986.8716911128536	0.0	19.444444444444443
496	397	398	924.6846687325178	0.0	19.444444444444443
497	398	399	283.7851184277822	0.0	19.444444444444443
498	399	400	757.4116412484778	0.0	19.444444444444443
499	400	401	10000.0	0.0	19.444444444444443
500	401	402	10000.0	0.0	19.444444444444443
501	402	403	10000.0	0.0	19.444444444444443
502	403	404	3536.3385213402407	0.0	19.444444444444443
503	404	405	688.6470825604719	0.0	19.444444444444443
504	405	406	516.5191040136941	0.0	25.0
505	406	407	455.7871942097835	0.0	25.0
506	407	408	555.3980202751034	0.0	25.0
507	408	409	541.2545141228601	0.0	25.0
508	409	410	1081.065553882543	0.0	25.0
509	410	411	4108.62761259881	0.0	25.0
510	411	412	1395.6364235931082	0.0	25.0
511	412	413	1743.2015855576842	0.0	25.0
512	413	414	2147.576061191105	0.0	25.0
513	414	415	10000.0	0.0	16.666666666666668
514	415	416	10000.0	0.0	16.666666666666668
515	416	417	709.9579771549159	0.0	16.666666666666668
516	417	418	585.559762915542	0.0	16.666666666666668
517	418	419	265.6531867076745	0.0	16.666666666666668
518	419	420	168.2116499882222	0.0	16.666666666666668
519	420	421	1090.254211499145	0.0	11.11111111111111
520	421	422	2490.598013943894	0.0	11.11111111111111
521	422	423	4432.193116512268	0.0	11.11111111111111
522	423	424	10000.0	0.0	11.11111111111111
523	424	425	1135.8066554793463	0.0	11.11111111111111
524	425	426	351.6900846632679	0.0	11.11111111111111
525	426	427	711.4914154203753	0.0	11.11111111111111
526	427	428	208.5854833895133	0.0	11.11111111111111
527	428	429	1278.1171281712705	0.0	11.11111111111111
528	429	430	1278.1171281712705	0.0	11.11111111111111
529	430	431	403.14066728855846	0.0	8.333333333333334
530	431	432	234.98176218581105	0.0	8.333333333333334
531	432	433	6653.932515154054	0.0	8.333333333333334
532	433	434	1583.841734923103	0.0	11.11111111111111
533	434	435	468.1369149054132	0.0	11.11111111111111
534	435	436	10000.0	0.0	11.11111111111111
535	436	437	10000.0	0.0	11.11111111111111
