30.266,226
30.276,226
30.365,226
30.401,226
30.47,226
30.654,226
30.688,226
30.769,226
30.821,226
30.837,226
31.003,226
31.083,226
31.112,226
31.134,226
31.433,226
31.523,226
31.68,226
31.69,226
31.872,226
32.146,226
32.318,226
32.346,226
32.492,226
32.726,226
32.833,226
33.133,226
33.347,226
33.533,226
33.642,226
33.853,226
34.054,226
34.058,226
34.114,226
34.707,226
35.107,226
35.283,226
35.442,226
35.552,226
35.847,226
36.48,226
36.528,226
36.636,226
36.643,226
36.77,226
37.103,226
37.23,226
37.381,226
37.476,226
37.508,226
38.042,226
38.532,226
39.602,226
40.014,226
41.242,226
41.777,226
41.818,226
42.295,226
42.315,226
42.611,226
43.221,226
43.461,226
43.479,226
43.566,226
43.638,226
43.766,226
44.008,226
44.316,226
44.426,226
44.809,226
44.91,226
44.988,226
45.23,226
45.331,226
45.518,226
45.66,226
45.727,226
45.738,226
