30.266,227
30.276,227
30.365,227
30.401,227
30.47,227
30.654,227
30.688,227
30.769,227
30.821,227
30.837,227
30.939,227
31.003,227
31.075,227
31.112,227
31.134,227
31.433,227
31.523,227
31.68,227
31.69,227
31.872,227
32.146,227
32.318,227
32.346,227
32.492,227
32.726,227
32.833,227
33.133,227
33.347,227
33.533,227
33.642,227
33.853,227
33.994,227
34.058,227
34.175,227
34.707,227
35.107,227
35.283,227
35.442,227
35.552,227
35.847,227
36.48,227
36.528,227
36.636,227
36.643,227
36.77,227
37.103,227
37.23,227
37.381,227
37.476,227
37.508,227
38.042,227
38.532,227
39.602,227
40.014,227
41.242,227
41.777,227
41.818,227
42.295,227
42.315,227
42.611,227
43.221,227
43.36,227
43.451,227
43.461,227
