1	0.266000	7	0.271000
4	0.266000	7	0.271000
7	0.281000	1	0.286000
7	0.281000	4	0.286000
12	0.482000	0	0.487000
0	0.467000	12	0.472000
5	0.467000	12	0.472000
12	0.482000	5	0.487000
6	0.505000	15	0.510000
15	0.520000	6	0.525000
15	0.520000	5	0.525000
5	0.505000	15	0.510000
18	0.560000	1	0.565000
18	0.560000	5	0.565000
1	0.545000	18	0.550000
5	0.545000	18	0.550000
20	0.608000	5	0.613000
20	0.608000	4	0.613000
4	0.593000	20	0.598000
5	0.593000	20	0.598000
22	0.688000	2	0.693000
2	0.673000	22	0.678000
22	0.688000	5	0.693000
5	0.673000	22	0.678000
23	0.712000	25	0.717000
25	0.727000	5	0.732000
25	0.727000	23	0.732000
5	0.712000	25	0.717000
21	0.760000	26	0.765000
26	0.775000	5	0.780000
26	0.775000	21	0.780000
5	0.760000	26	0.765000
36	1.592000	32	1.597000
32	1.577000	36	1.582000
30	1.577000	36	1.582000
36	1.592000	30	1.597000
31	1.621000	37	1.626000
37	1.636000	30	1.641000
37	1.636000	31	1.641000
30	1.621000	37	1.626000
38	1.666000	39	1.671000
32	1.666000	39	1.671000
39	1.681000	38	1.686000
39	1.681000	32	1.686000
33	1.667000	40	1.672000
40	1.682000	30	1.687000
40	1.682000	33	1.687000
30	1.667000	40	1.672000
41	1.725000	31	1.730000
41	1.725000	38	1.730000
31	1.710000	41	1.715000
38	1.710000	41	1.715000
33	1.755000	44	1.760000
44	1.770000	33	1.775000
44	1.770000	31	1.775000
31	1.755000	44	1.760000
42	1.755000	45	1.760000
45	1.770000	42	1.775000
45	1.770000	38	1.775000
38	1.755000	45	1.760000
63	30.594000	62	30.599000
29	30.579000	63	30.584000
63	30.594000	29	30.599000
64	30.616000	66	30.621000
66	30.631000	62	30.636000
66	30.631000	64	30.636000
62	30.616000	66	30.621000
67	30.631000	65	30.636000
67	30.631000	29	30.636000
29	30.616000	67	30.621000
68	34.554000	70	34.559000
70	34.569000	68	34.574000
70	34.569000	71	34.574000
56	37.423000	77	37.428000
74	37.423000	77	37.428000
77	37.438000	74	37.443000
77	37.438000	56	37.443000
89	55.221000	95	55.226000
93	55.221000	95	55.226000
95	55.236000	89	55.241000
95	55.236000	93	55.241000
96	55.904000	98	55.909000
89	55.904000	98	55.909000
98	55.919000	96	55.924000
98	55.919000	89	55.924000
100	56.473000	101	56.478000
78	56.473000	101	56.478000
101	56.488000	78	56.493000
101	56.488000	100	56.493000
88	56.478000	103	56.483000
103	56.493000	102	56.498000
103	56.493000	88	56.498000
100	57.038000	109	57.043000
107	57.038000	109	57.043000
109	57.053000	100	57.058000
109	57.053000	107	57.058000
106	57.078000	113	57.083000
113	57.093000	106	57.098000
107	57.078000	113	57.083000
112	57.229000	122	57.234000
104	57.229000	122	57.234000
122	57.244000	104	57.249000
122	57.244000	112	57.249000
108	57.304000	125	57.309000
125	57.319000	112	57.324000
125	57.319000	108	57.324000
112	57.304000	125	57.309000
114	57.452000	127	57.457000
127	57.467000	128	57.472000
127	57.467000	114	57.472000
117	57.476000	129	57.481000
100	57.476000	129	57.481000
129	57.491000	100	57.496000
129	57.491000	117	57.496000
100	57.762000	130	57.767000
104	57.762000	130	57.767000
130	57.777000	104	57.782000
130	57.777000	100	57.782000
99	58.098000	132	58.103000
132	58.113000	99	58.118000
132	58.113000	89	58.118000
89	58.098000	132	58.103000
78	58.292000	134	58.297000
100	58.292000	134	58.297000
134	58.307000	100	58.312000
134	58.307000	78	58.312000
135	58.722000	139	58.727000
139	58.737000	135	58.742000
91	58.722000	139	58.727000
139	58.737000	91	58.742000
131	58.745000	140	58.750000
89	58.745000	140	58.750000
140	58.760000	131	58.765000
140	58.760000	89	58.765000
144	58.833000	145	58.838000
88	58.833000	145	58.838000
145	58.848000	88	58.853000
145	58.848000	144	58.853000
146	58.848000	89	58.853000
89	58.833000	146	58.838000
78	58.833000	146	58.838000
146	58.848000	78	58.853000
147	58.923000	150	58.928000
150	58.938000	147	58.943000
150	58.938000	144	58.943000
144	58.923000	150	58.928000
148	58.929000	151	58.934000
88	58.929000	151	58.934000
151	58.944000	148	58.949000
151	58.944000	88	58.949000
152	58.980000	144	58.985000
152	58.980000	148	58.985000
144	58.965000	152	58.970000
148	58.965000	152	58.970000
135	58.966000	153	58.971000
78	58.966000	153	58.971000
153	58.981000	135	58.986000
153	58.981000	78	58.986000
147	58.995000	154	59.000000
154	59.010000	147	59.015000
154	59.010000	148	59.015000
148	58.995000	154	59.000000
149	59.006000	156	59.011000
88	59.006000	156	59.011000
156	59.021000	149	59.026000
156	59.021000	88	59.026000
155	59.079000	160	59.084000
160	59.094000	149	59.099000
160	59.094000	155	59.099000
149	59.079000	160	59.084000
161	59.094000	135	59.099000
135	59.079000	161	59.084000
161	59.094000	88	59.099000
88	59.079000	161	59.084000
157	59.079000	162	59.084000
158	59.079000	162	59.084000
162	59.094000	158	59.099000
162	59.094000	157	59.099000
163	59.095000	143	59.100000
143	59.080000	163	59.085000
78	59.080000	163	59.085000
163	59.095000	78	59.100000
164	59.366000	171	59.371000
144	59.366000	171	59.371000
171	59.381000	144	59.386000
171	59.381000	164	59.386000
167	59.366000	172	59.371000
149	59.366000	172	59.371000
172	59.381000	149	59.386000
172	59.381000	167	59.386000
165	59.370000	173	59.375000
148	59.370000	173	59.375000
173	59.385000	148	59.390000
173	59.385000	165	59.390000
147	59.402000	177	59.407000
177	59.417000	147	59.422000
177	59.417000	164	59.422000
164	59.402000	177	59.407000
155	59.402000	178	59.407000
178	59.417000	155	59.422000
178	59.417000	167	59.422000
167	59.402000	178	59.407000
141	59.406000	179	59.411000
179	59.421000	141	59.426000
179	59.421000	165	59.426000
165	59.406000	179	59.411000
166	59.468000	181	59.473000
135	59.468000	181	59.473000
181	59.483000	166	59.488000
181	59.483000	135	59.488000
144	59.683000	184	59.688000
164	59.683000	184	59.688000
184	59.698000	144	59.703000
184	59.698000	164	59.703000
148	59.690000	185	59.695000
185	59.705000	148	59.710000
185	59.705000	165	59.710000
165	59.690000	185	59.695000
149	59.717000	186	59.722000
147	59.717000	186	59.722000
186	59.732000	147	59.737000
186	59.732000	149	59.737000
144	59.758000	188	59.763000
188	59.773000	144	59.778000
188	59.773000	147	59.778000
147	59.758000	188	59.763000
141	59.767000	189	59.772000
189	59.782000	141	59.787000
189	59.782000	164	59.787000
164	59.767000	189	59.772000
167	59.794000	190	59.799000
190	59.809000	167	59.814000
190	59.809000	144	59.814000
144	59.794000	190	59.799000
191	59.834000	195	59.839000
192	59.834000	195	59.839000
195	59.849000	191	59.854000
195	59.849000	192	59.854000
149	59.834000	196	59.839000
141	59.834000	196	59.839000
196	59.849000	141	59.854000
196	59.849000	149	59.854000
164	59.840000	197	59.845000
197	59.855000	183	59.860000
183	59.840000	197	59.845000
197	59.855000	164	59.860000
155	59.853000	198	59.858000
198	59.868000	144	59.873000
198	59.868000	155	59.873000
144	59.853000	198	59.858000
88	59.854000	199	59.859000
143	59.854000	199	59.859000
199	59.869000	88	59.874000
199	59.869000	143	59.874000
166	59.854000	200	59.859000
180	59.854000	200	59.859000
200	59.869000	166	59.874000
200	59.869000	180	59.874000
203	59.908000	193	59.913000
193	59.893000	203	59.898000
203	59.908000	144	59.913000
144	59.893000	203	59.898000
194	59.893000	204	59.898000
78	59.893000	204	59.898000
204	59.908000	78	59.913000
204	59.908000	194	59.913000
205	59.908000	166	59.913000
205	59.908000	143	59.913000
143	59.893000	205	59.898000
166	59.893000	205	59.898000
208	59.934000	183	59.939000
202	59.919000	208	59.924000
183	59.919000	208	59.924000
208	59.934000	202	59.939000
209	59.948000	166	59.953000
209	59.948000	144	59.953000
144	59.933000	209	59.938000
166	59.933000	209	59.938000
88	59.933000	210	59.938000
210	59.948000	88	59.953000
210	59.948000	78	59.953000
78	59.933000	210	59.938000
211	59.949000	193	59.954000
211	59.949000	143	59.954000
193	59.934000	211	59.939000
143	59.934000	211	59.939000
147	59.934000	212	59.939000
212	59.949000	155	59.954000
212	59.949000	147	59.954000
155	59.934000	212	59.939000
213	59.990000	166	59.995000
213	59.990000	78	59.995000
166	59.975000	213	59.980000
78	59.975000	213	59.980000
214	59.990000	193	59.995000
214	59.990000	147	59.995000
193	59.975000	214	59.980000
147	59.975000	214	59.980000
215	59.990000	155	59.995000
215	59.990000	143	59.995000
143	59.975000	215	59.980000
155	59.975000	215	59.980000
206	59.975000	216	59.980000
141	59.975000	216	59.980000
216	59.990000	206	59.995000
216	59.990000	141	59.995000
224	30.297000	230	30.302000
228	30.297000	230	30.302000
230	30.312000	228	30.317000
230	30.312000	224	30.317000
225	30.297000	231	30.302000
229	30.297000	231	30.302000
231	30.312000	225	30.317000
231	30.312000	229	30.317000
232	30.366000	229	30.371000
232	30.366000	224	30.371000
224	30.351000	232	30.356000
229	30.351000	232	30.356000
233	30.366000	228	30.371000
233	30.366000	225	30.371000
228	30.351000	233	30.356000
225	30.351000	233	30.356000
9	0.387000	10	0.477000
10	0.413000	9	0.500000
11	0.437000	14	0.501000
17	0.532000	19	0.592000
14	0.597000	11	0.661000
21	0.646000	23	0.694000
19	0.647000	17	0.707000
5	0.804000	17	0.840000
13	0.792000	9	0.841000
13	0.792000	10	0.882000
28	1.458000	27	1.520000
30	1.542000	38	1.628000
31	1.587000	32	1.631000
17	1.586000	11	1.668000
29	1.579000	5	1.675000
10	1.631000	9	1.676000
9	1.631000	10	1.677000
27	1.672000	28	1.736000
30	1.710000	38	1.806000
9	2.027000	46	2.075000
11	2.070000	46	2.110000
29	4.039000	31	4.099000
49	4.558000	31	4.619000
31	4.681000	49	4.742000
29	4.835000	27	4.895000
29	7.483000	27	7.543000
27	7.603000	29	7.663000
29	10.418000	51	10.497000
27	10.442000	51	10.497000
27	13.553000	29	13.612000
53	13.697000	27	13.742000
29	22.850000	56	22.887000
57	24.177000	56	24.217000
56	24.247000	29	24.292000
29	30.354000	56	30.392000
62	30.652000	60	30.690000
60	30.724000	56	30.758000
56	31.387000	29	31.424000
29	31.461000	56	31.498000
29	33.433000	56	33.494000
68	33.937000	56	33.980000
56	34.161000	68	34.224000
56	35.209000	29	35.245000
56	36.544000	29	36.584000
29	36.722000	72	36.790000
29	36.859000	56	36.912000
29	38.312000	56	38.354000
29	42.684000	56	42.744000
56	42.805000	29	42.865000
78	46.072000	56	46.162000
29	46.107000	80	46.177000
56	46.585000	78	46.646000
80	46.546000	82	46.606000
82	46.673000	29	46.732000
29	46.852000	56	46.912000
78	46.882000	56	46.972000
56	47.032000	29	47.092000
56	47.092000	78	47.182000
29	47.152000	82	47.231000
90	55.052000	93	55.125000
78	55.097000	88	55.150000
88	55.370000	78	55.440000
96	55.850000	78	55.897000
99	57.524000	105	57.583000
105	57.668000	99	57.714000
114	57.759000	100	57.792000
99	58.039000	131	58.079000
105	58.039000	131	58.079000
104	58.099000	100	58.152000
105	58.142000	89	58.220000
105	58.222000	133	58.265000
105	58.222000	131	58.262000
100	58.225000	133	58.265000
88	58.692000	78	58.755000
135	58.771000	143	58.808000
136	58.772000	143	58.808000
142	58.921000	147	58.973000
88	58.977000	159	59.055000
147	58.973000	142	59.018000
143	58.983000	136	59.048000
144	59.001000	159	59.055000
147	59.051000	144	59.090000
144	59.090000	147	59.129000
159	59.090000	149	59.130000
136	59.090000	143	59.131000
141	59.123000	148	59.163000
148	59.123000	141	59.163000
147	59.176000	164	59.215000
144	59.176000	164	59.215000
141	59.183000	165	59.224000
148	59.188000	165	59.224000
135	59.216000	166	59.267000
88	59.229000	166	59.267000
155	59.229000	167	59.269000
149	59.229000	167	59.269000
166	59.450000	180	59.478000
78	59.450000	143	59.486000
143	59.450000	78	59.486000
88	59.478000	166	59.503000
167	59.591000	149	59.628000
164	59.652000	147	59.689000
147	59.615000	164	59.652000
149	59.628000	167	59.670000
182	59.850000	183	59.890000
202	59.980000	164	60.025000
218	18.120000	220	18.155000
220	18.191000	218	18.227000
224	30.876000	225	30.936000
224	30.876000	227	30.939000
225	31.015000	227	31.075000
225	31.015000	226	31.083000
227	33.994000	226	34.054000
226	34.114000	227	34.175000
226	43.479000	235	43.577000
245	6.669000	238	6.707000
241	7.083000	237	7.146000
238	7.133000	240	7.197000
237	7.204000	239	7.272000
239	7.352000	240	7.452000
249	8.329000	239	8.429000
240	8.844000	238	8.908000
239	8.844000	237	8.908000
250	13.098000	251	13.172000
251	13.211000	250	13.303000
237	13.255000	239	13.336000
238	13.402000	240	13.461000
240	14.327000	238	14.392000
239	14.327000	237	14.392000
239	14.459000	252	14.519000
240	14.920000	252	14.989000
238	25.030000	240	25.094000
237	25.030000	239	25.094000
239	26.465000	237	26.528000
240	26.465000	238	26.528000
238	30.149000	258	30.214000
261	53.414000	259	53.503000
261	53.414000	260	53.503000
259	53.982000	265	54.063000
259	54.443000	262	54.523000
262	60.558000	259	60.635000
259	60.558000	262	60.635000
259	60.818000	266	60.903000
262	60.849000	266	60.903000
0	0.193000	4	0.203000
0	0.227000	5	0.237000
4	0.229000	6	0.239000
0	0.517000	16	0.527000
4	0.700000	24	0.710000
21	0.810000	27	0.820000
21	0.858000	28	0.868000
27	0.866000	29	0.876000
29	1.361000	34	1.371000
5	1.420000	35	1.430000
33	1.720000	42	1.730000
30	1.750000	43	1.760000
29	3.849000	48	3.859000
29	4.101000	49	4.111000
49	5.231000	50	5.241000
51	12.700000	52	12.710000
29	13.653000	53	13.663000
29	18.952000	54	18.962000
29	22.712000	55	22.722000
56	30.412000	60	30.422000
60	30.590000	64	30.600000
56	33.566000	69	33.576000
72	36.910000	73	36.920000
56	36.976000	74	36.986000
74	37.395000	76	37.405000
79	46.047000	80	46.057000
56	46.057000	81	46.067000
79	46.502000	82	46.512000
79	46.960000	83	46.970000
29	48.972000	84	48.982000
56	49.052000	85	49.062000
82	49.084000	86	49.094000
78	49.101000	87	49.111000
84	51.572000	88	51.582000
90	55.087000	91	55.097000
93	55.192000	94	55.202000
78	55.232000	96	55.242000
88	55.297000	97	55.307000
78	56.432000	99	56.442000
88	56.432000	100	56.442000
100	56.789000	105	56.799000
100	56.987000	106	56.997000
104	56.998000	107	57.008000
100	57.065000	110	57.075000
110	57.082000	112	57.092000
106	57.108000	114	57.118000
106	57.134000	115	57.144000
110	57.156000	116	57.166000
106	57.161000	117	57.171000
110	57.188000	118	57.198000
112	57.189000	119	57.199000
110	57.215000	120	57.225000
118	57.224000	121	57.234000
118	57.252000	123	57.262000
104	57.293000	124	57.303000
100	57.435000	126	57.445000
89	58.693000	135	58.703000
91	58.694000	136	58.704000
88	58.808000	142	58.818000
78	58.808000	144	58.818000
88	58.900000	147	58.910000
78	58.900000	148	58.910000
78	58.927000	149	58.937000
135	59.010000	155	59.020000
78	59.018000	157	59.028000
143	59.018000	158	59.028000
144	59.341000	168	59.351000
149	59.341000	169	59.351000
148	59.345000	170	59.355000
147	59.376000	174	59.386000
155	59.376000	175	59.386000
141	59.380000	176	59.390000
135	59.450000	180	59.460000
148	59.663000	183	59.673000
144	59.727000	187	59.737000
141	59.809000	191	59.819000
149	59.809000	192	59.819000
180	59.823000	193	59.833000
143	59.823000	194	59.833000
78	59.864000	201	59.874000
192	59.877000	202	59.887000
147	59.904000	206	59.914000
141	59.919000	207	59.929000
218	4.804000	217	4.814000
220	4.811000	219	4.821000
49	5.183000	221	5.193000
220	18.230000	223	18.240000
228	30.266000	227	30.276000
29	42.966000	234	42.976000
227	43.360000	235	43.370000
56	43.607000	236	43.617000
21	2.502000	239	2.512000
23	2.632000	240	2.642000
241	5.964000	244	5.974000
240	7.263000	248	7.273000
240	8.263000	249	8.273000
239	28.107000	253	28.117000
240	28.107000	254	28.117000
240	29.542000	255	29.552000
239	29.542000	256	29.552000
237	29.917000	257	29.927000
238	29.918000	258	29.928000
259	52.493000	260	52.503000
260	54.113000	262	54.123000
262	55.314000	263	55.324000
259	55.314000	264	55.324000
3	0.590000	2	0.600000
8	0.429000	5	0.439000
14	1.389000	11	1.399000
19	1.536000	17	1.546000
29	49.218000	82	49.228000
31	7.404000	27	7.414000
32	3.968000	29	3.978000
33	1.800000	32	1.810000
34	1.571000	27	1.581000
35	1.514000	29	1.524000
48	4.701000	29	4.711000
50	7.032000	29	7.042000
51	12.842000	29	12.852000
52	12.845000	27	12.855000
54	19.326000	29	19.336000
56	49.213000	87	49.223000
58	30.786000	56	30.796000
59	30.629000	58	30.639000
60	31.232000	56	31.242000
61	30.582000	59	30.592000
62	31.294000	29	31.304000
64	31.202000	29	31.212000
65	30.652000	64	30.662000
69	35.176000	56	35.186000
71	34.595000	56	34.605000
72	38.214000	29	38.224000
73	38.111000	72	38.121000
74	37.517000	29	37.527000
75	37.277000	72	37.287000
76	38.226000	56	38.236000
78	60.019000	193	60.029000
80	46.678000	29	46.688000
81	46.716000	56	46.726000
84	52.386000	78	52.396000
85	51.052000	78	51.062000
86	51.054000	84	51.064000
88	60.009000	194	60.019000
89	58.865000	88	58.875000
90	55.077000	89	55.087000
91	58.865000	78	58.875000
92	55.853000	89	55.863000
93	55.260000	91	55.270000
96	55.958000	91	55.968000
97	55.862000	88	55.872000
99	58.135000	91	58.145000
100	58.333000	88	58.343000
102	56.529000	78	56.539000
106	57.412000	100	57.422000
108	57.603000	104	57.613000
110	57.697000	104	57.707000
111	57.210000	104	57.220000
112	57.631000	104	57.641000
114	57.782000	104	57.792000
115	57.533000	100	57.543000
117	57.726000	104	57.736000
118	57.605000	110	57.615000
119	57.535000	104	57.545000
120	57.644000	110	57.654000
121	57.528000	118	57.538000
123	57.563000	118	57.573000
124	57.577000	104	57.587000
126	57.680000	117	57.690000
128	57.505000	115	57.515000
131	58.778000	91	58.788000
133	58.778000	89	58.788000
135	59.493000	88	59.503000
136	59.121000	78	59.131000
137	58.995000	136	59.005000
138	58.956000	137	58.966000
141	60.015000	155	60.025000
142	59.085000	141	59.095000
143	60.276000	202	60.286000
144	59.973000	88	59.983000
147	60.019000	166	60.029000
148	59.736000	141	59.746000
157	59.120000	88	59.130000
158	59.120000	135	59.130000
159	59.120000	155	59.130000
165	59.804000	164	59.814000
167	59.852000	147	59.862000
168	59.436000	147	59.446000
169	59.436000	155	59.446000
170	59.442000	141	59.452000
174	59.402000	144	59.412000
175	59.402000	149	59.412000
176	59.406000	148	59.416000
180	59.893000	88	59.903000
182	59.880000	164	59.890000
187	59.758000	149	59.768000
191	60.163000	183	60.173000
192	60.122000	183	60.132000
201	59.968000	194	59.978000
206	60.015000	143	60.025000
217	5.753000	31	5.763000
219	5.754000	50	5.764000
221	5.972000	220	5.982000
222	5.967000	218	5.977000
227	43.451000	226	43.461000
228	30.391000	226	30.401000
229	30.391000	227	30.401000
234	43.556000	226	43.566000
236	43.732000	235	43.742000
237	30.107000	240	30.117000
239	30.055000	238	30.065000
242	6.423000	241	6.433000
243	6.387000	242	6.397000
244	6.637000	241	6.647000
246	6.607000	241	6.617000
247	7.369000	240	7.379000
248	8.369000	240	8.379000
250	13.388000	239	13.398000
251	13.507000	240	13.517000
253	28.307000	240	28.317000
254	28.307000	239	28.317000
257	31.310000	255	31.320000
258	31.336000	256	31.346000
260	54.253000	259	54.263000
31	5.183000	222	5.231000
62	30.579	63	30.584
65	30.616	67	30.621
78	45.728	226	45.727
79	45.992	235	45.991
56	45.812	226	45.727
56	49.213	259	49.214
225	30.936	226	30.837
259	53.428	267	53.418
267	49.229	29	49.218
263	59.930	262	59.870
264	59.930	259	59.870
259	59.830	262	59.770
262	59.730	259	59.670
262	59.630	263	59.570
259	59.630	264	59.570
29	46.052	235	45.991
23	1.630	21	1.482
17	1.586	237	1.587
11	2.385	238	2.386
