100	1	2	10000	0	44.44444444
101	2	3	10000	0	44.44444444
102	3	4	10000	0	44.44444444
103	4	5	10000	0	44.44444444
104	5	6	10000	0	44.44444444
105	6	7	10000	0	44.44444444
106	7	8	10000	0	44.44444444
107	8	9	10000	0	16.66666667
108	9	10	10000	0	16.66666667
109	10	11	10000	0	16.66666667
110	11	12	7670	0	83.33333333
111	12	13	7670	0	83.33333333
112	13	14	3146	0	83.33333333
113	14	15	10000	0	83.33333333
114	15	16	1916	0	83.33333333
115	16	17	5091	0	83.33333333
116	17	18	2176	0	83.33333333
117	18	19	1636	0	83.33333333
118	19	20	1769	0	83.33333333
119	20	21	6940	0	83.33333333
120	21	22	10000	0	83.33333333
121	22	23	10000	0	83.33333333
122	23	24	3197	0	83.33333333
123	24	25	3197	0	83.33333333
124	25	26	3197	0	83.33333333
125	26	27	2347	0	83.33333333
126	27	28	4209	0	83.33333333
127	28	29	4209	0	83.33333333
128	29	30	10000	0	83.33333333
129	30	31	10000	0	83.33333333
130	31	32	10000	0	83.33333333
131	32	33	10000	0	83.33333333
132	33	34	10000	0	83.33333333
133	34	35	10000	0	83.33333333
134	35	36	10000	0	83.33333333
135	36	37	10000	0	83.33333333
136	37	38	10000	0	83.33333333
137	38	39	2297	0	83.33333333
138	39	40	1305	0	83.33333333
139	40	41	756	0	83.33333333
140	41	42	849	0	83.33333333
141	42	43	2685	0	83.33333333
142	43	44	3542	0	83.33333333
143	44	45	10000	0	83.33333333
144	45	46	6747	0	83.33333333
145	46	47	6747	0	83.33333333
146	47	48	9592	0	83.33333333
147	48	49	5906	0	83.33333333
148	49	50	5906	0	83.33333333
149	50	51	2910	0	83.33333333
150	51	52	2910	0	83.33333333
151	52	53	3888	0	83.33333333
152	53	54	4561	0	83.33333333
153	54	55	3070	0	83.33333333
154	55	56	3614	0	83.33333333
155	56	57	8324	0	83.33333333
156	57	58	10000	0	83.33333333
157	58	59	10000	0	83.33333333
158	59	60	10000	0	83.33333333
159	60	61	10000	0	83.33333333
160	61	62	10000	0	83.33333333
161	62	63	10000	0	83.33333333
162	63	64	10000	0	83.33333333
163	64	65	9510	0	83.33333333
164	65	66	8426	0	83.33333333
165	66	67	8671	0	83.33333333
166	67	68	8519	0	83.33333333
167	68	69	2176	0	83.33333333
168	69	70	1127	0	83.33333333
169	70	71	1385	0	83.33333333
170	71	72	4073	0	83.33333333
171	72	73	3294	0	83.33333333
172	73	74	3983	0	83.33333333
173	74	75	4182	0	83.33333333
174	75	76	2964	0	83.33333333
175	76	77	10000	0	83.33333333
176	77	78	10000	0	83.33333333
177	78	79	10000	0	83.33333333
178	79	80	10000	0	83.33333333
179	80	81	10000	0	83.33333333
180	81	82	10000	0	83.33333333
181	82	83	10000	0	83.33333333
182	83	84	9906	0	83.33333333
183	84	85	7163	0	83.33333333
184	85	86	7163	0	83.33333333
185	86	87	7163	0	83.33333333
186	87	88	7008	0	83.33333333
187	88	89	10000	0	83.33333333
188	89	90	10000	0	83.33333333
189	90	91	10000	0	83.33333333
190	91	92	10000	0	83.33333333
191	92	93	10000	0	83.33333333
192	93	94	10000	0	83.33333333
193	94	95	10000	0	83.33333333
194	95	96	10000	0	83.33333333
195	96	97	10000	0	83.33333333
196	97	98	10000	0	83.33333333
197	98	99	10000	0	83.33333333
198	99	100	10000	0	83.33333333
199	100	101	8885	0	83.33333333
200	101	102	8322	0	83.33333333
201	102	103	10000	0	83.33333333
202	103	104	10000	0	83.33333333
203	104	105	10000	0	83.33333333
204	105	106	10000	0	83.33333333
205	106	107	10000	0	83.33333333
206	107	108	10000	0	83.33333333
207	108	109	10000	0	83.33333333
208	109	110	10000	0	83.33333333
209	110	111	7969	0	83.33333333
210	111	112	7969	0	83.33333333
211	112	113	6916	0	83.33333333
212	113	114	6916	0	83.33333333
213	114	115	4647	0	83.33333333
214	115	116	4647	0	83.33333333
215	116	117	5926	0	83.33333333
216	117	118	10000	0	83.33333333
217	118	119	10000	0	83.33333333
218	119	120	10000	0	83.33333333
219	120	121	10000	0	83.33333333
220	121	122	10000	0	83.33333333
221	122	123	10000	0	83.33333333
222	123	124	10000	0	83.33333333
223	124	125	10000	0	83.33333333
224	125	126	10000	0	83.33333333
225	126	127	10000	0	83.33333333
226	127	128	10000	0	83.33333333
227	128	129	10000	0	83.33333333
228	129	130	10000	0	83.33333333
229	130	131	10000	0	83.33333333
230	131	132	10000	0	83.33333333
231	132	133	8001	0	83.33333333
232	133	134	8001	0	83.33333333
233	134	135	6148	0	83.33333333
234	135	136	6148	0	83.33333333
235	136	137	10000	0	83.33333333
236	137	138	5596	0	83.33333333
237	138	139	5596	0	83.33333333
238	139	140	5278	0	83.33333333
239	140	141	5295	0	83.33333333
240	141	142	5295	0	83.33333333
241	142	143	6305	0	83.33333333
242	143	144	6305	0	83.33333333
243	144	145	3496	0	83.33333333
244	145	146	8398	0	83.33333333
245	146	147	5764	0	83.33333333
246	147	148	10000	0	83.33333333
247	148	149	10000	0	83.33333333
248	149	150	10000	0	83.33333333
249	150	151	10000	0	83.33333333
250	151	152	10000	0	83.33333333
251	152	153	10000	0	83.33333333
252	153	154	10000	0	83.33333333
253	154	155	6641	0	83.33333333
254	155	156	6641	0	83.33333333
255	156	157	5258	0	83.33333333
256	157	158	5970	0	83.33333333
257	158	159	5564	0	83.33333333
258	159	160	5424	0	83.33333333
259	160	161	4930	0	83.33333333
260	161	162	4209	0	83.33333333
261	162	163	4506	0	83.33333333
262	163	164	8362	0	83.33333333
263	164	165	9438	0	83.33333333
264	165	166	7492	0	83.33333333
265	166	167	10000	0	83.33333333
266	167	168	10000	0	83.33333333
267	168	169	5417	0	83.33333333
268	169	170	5226	0	83.33333333
269	170	171	6691	0	83.33333333
270	171	172	5991	0	83.33333333
271	172	173	5408	0	83.33333333
272	173	174	5691	0	83.33333333
273	174	175	5376	0	83.33333333
274	175	176	5338	0	83.33333333
275	176	177	4897	0	83.33333333
276	177	178	4897	0	83.33333333
277	178	179	4278	0	83.33333333
278	179	180	6138	0	83.33333333
279	180	181	7237	0	83.33333333
280	181	182	5758	0	83.33333333
281	182	183	5041	0	83.33333333
282	183	184	4727	0	83.33333333
283	184	185	6744	0	83.33333333
284	185	186	6418	0	83.33333333
285	186	187	4655	0	83.33333333
286	187	188	5368	0	83.33333333
287	188	189	5433	0	83.33333333
288	189	190	6825	0	83.33333333
289	190	191	4855	0	83.33333333
290	191	192	5189	0	83.33333333
291	192	193	10000	0	83.33333333
292	193	194	4573	0	83.33333333
293	194	195	8841	0	83.33333333
294	195	196	10000	0	83.33333333
295	196	197	10000	0	83.33333333
296	197	198	10000	0	83.33333333
297	198	199	10000	0	83.33333333
298	199	200	10000	0	83.33333333
299	200	201	10000	0	83.33333333
300	201	202	10000	0	83.33333333
301	202	203	10000	0	83.33333333
302	203	204	8924	0	83.33333333
303	204	205	8924	0	83.33333333
304	205	206	4715	0	83.33333333
305	206	207	3297	0	83.33333333
306	207	208	3109	0	83.33333333
307	208	209	2219	0	83.33333333
308	209	210	5130	0	83.33333333
309	210	211	5364	0	83.33333333
310	211	212	7038	0	83.33333333
311	212	213	5354	0	83.33333333
312	213	214	4723	0	83.33333333
313	214	215	7450	0	83.33333333
314	215	216	5182	0	83.33333333
315	216	217	5036	0	83.33333333
316	217	218	7058	0	83.33333333
317	218	219	8258	0	83.33333333
318	219	220	10000	0	83.33333333
319	220	221	10000	0	83.33333333
320	221	222	10000	0	83.33333333
321	222	223	10000	0	83.33333333
322	223	224	10000	0	83.33333333
323	224	225	10000	0	83.33333333
324	225	226	10000	0	83.33333333
325	226	227	10000	0	83.33333333
326	227	228	10000	0	83.33333333
327	228	229	10000	0	83.33333333
328	229	230	10000	0	83.33333333
329	230	231	5847	0	83.33333333
330	231	232	5847	0	83.33333333
331	232	233	5940	0	83.33333333
332	233	234	5346	0	83.33333333
333	234	235	5213	0	83.33333333
334	235	236	5610	0	83.33333333
335	236	237	6103	0	83.33333333
336	237	238	7284	0	83.33333333
337	238	239	10000	0	83.33333333
338	239	240	10000	0	83.33333333
339	240	241	10000	0	83.33333333
340	241	242	10000	0	83.33333333
341	242	243	10000	0	83.33333333
342	243	244	10000	0	83.33333333
343	244	245	10000	0	83.33333333
344	245	246	6164	0	83.33333333
345	246	247	6164	0	83.33333333
346	247	248	6164	0	83.33333333
347	248	249	6193	0	83.33333333
348	249	250	7126	0	83.33333333
349	250	251	5059	0	83.33333333
350	251	252	7015	0	83.33333333
351	252	253	3968	0	83.33333333
352	253	254	4637	0	83.33333333
353	254	255	5799	0	83.33333333
354	255	256	5391	0	83.33333333
355	256	257	7287	0	83.33333333
356	257	258	4658	0	83.33333333
357	258	259	6435	0	83.33333333
358	259	260	10000	0	83.33333333
359	260	261	10000	0	83.33333333
360	261	262	10000	0	83.33333333
361	262	263	10000	0	83.33333333
362	263	264	10000	0	83.33333333
363	264	265	10000	0	83.33333333
364	265	266	10000	0	83.33333333
365	266	267	10000	0	83.33333333
366	267	268	10000	0	83.33333333
367	268	269	10000	0	83.33333333
368	269	270	10000	0	83.33333333
369	270	271	10000	0	83.33333333
370	271	272	6684	0	83.33333333
371	272	273	6739	0	83.33333333
372	273	274	3777	0	83.33333333
373	274	275	4232	0	83.33333333