100	1	2	31912.01240917875	0.0	44.44444444444444
101	2	3	46534.89584055458	0.0	44.44444444444444
102	3	4	13790.626234844964	0.0	44.44444444444444
103	4	5	13790.626234844964	0.0	44.44444444444444
104	5	6	11370.658149846764	0.0	44.44444444444444
105	6	7	39084.29994591037	0.0	44.44444444444444
106	7	8	8347.045353337682	0.0	30.555555555555557
107	8	9	40979.58625718666	0.0	30.555555555555557
108	9	10	4304.31056816416	0.0	30.555555555555557
109	10	11	5210.938191277195	0.0	30.555555555555557
110	11	12	1991.475706960039	0.0	30.555555555555557
111	12	13	17617.331580922215	0.0	30.555555555555557
112	13	14	3033.806475489742	0.0	30.555555555555557
113	14	15	15833.47941067005	0.0	30.555555555555557
114	15	16	12019.031124520336	0.0	30.555555555555557
115	16	17	11934.080671055332	0.0	30.555555555555557
116	17	18	6569.511398270686	0.0	30.555555555555557
117	18	19	41800.013491907855	0.0	30.555555555555557
118	19	20	50000.0	0.0	27.77777777777778
119	20	21	50000.0	0.0	27.77777777777778
120	21	22	50000.0	0.0	27.77777777777778
121	22	23	63712.09224278435	0.0	30.555555555555557
122	23	24	63712.09224278435	0.0	30.555555555555557
123	24	25	55199.84499088016	0.0	41.66666666666666
124	25	26	37750.32680240657	0.0	41.66666666666666
125	26	27	35236.655822214045	0.0	41.66666666666666
126	27	28	35236.655822214045	0.0	41.66666666666666
127	28	29	13173.969652649786	0.0	41.66666666666666
128	29	30	53995.71519856399	0.0	41.66666666666666
129	30	31	26887.102752339888	0.0	41.66666666666666
130	31	32	13094.914108844425	0.0	41.66666666666666
131	32	33	2850.590359644032	0.0	41.66666666666666
132	33	34	1150.560711461425	0.0	41.66666666666666
133	34	35	1155.2982900363158	0.0	41.66666666666666
134	35	36	3200.521070683788	0.0	41.66666666666666
135	36	37	14107.122138715344	0.0	41.66666666666666
136	37	38	8709.410191534751	0.0	41.66666666666666
137	38	39	11231.708195385932	0.0	41.66666666666666
138	39	40	11231.708195385932	0.0	41.66666666666666
139	40	41	2295.481924130423	0.0	41.66666666666666
140	41	42	2403.0114576644373	0.0	41.66666666666666
141	42	43	1749.804197562697	0.0	41.66666666666666
142	43	44	2281.195255589113	0.0	41.66666666666666
143	44	45	3181.7779375356354	0.0	41.66666666666666
144	45	46	1991.472203114967	0.0	41.66666666666666
145	46	47	84686.2598692634	0.0	50.0
146	47	48	127968.93944397743	0.0	50.0
147	48	49	127968.93944397743	0.0	50.0
148	49	50	52828.30278466921	0.0	50.0
149	50	51	52828.30278466921	0.0	50.0
150	51	52	68779.31922789203	0.0	50.0
151	52	53	68779.31922789203	0.0	50.0
152	53	54	293045.9440242777	0.0	50.0
153	54	55	255186.46134947348	0.0	50.0
154	55	56	141671.98385856368	0.0	50.0
155	56	57	141671.98385856368	0.0	50.0
156	57	58	141671.98385856368	0.0	50.0
157	58	59	117443.65891886216	0.0	50.0
158	59	60	198673.7485903492	0.0	50.0
159	60	61	198673.7485903492	0.0	50.0
160	61	62	235361.76044670315	0.0	50.0
161	62	63	139972.74969656795	0.0	50.0
162	63	64	139972.74969656795	0.0	50.0
163	64	65	16894.03054437153	0.0	50.0
164	65	66	14860.708799204904	0.0	50.0
165	66	67	32329.369167169225	0.0	50.0
166	67	68	107438.97881652327	0.0	50.0
167	68	69	91746.29957519718	0.0	50.0
168	69	70	91746.29957519718	0.0	50.0
169	70	71	91746.29957519718	0.0	50.0
170	71	72	58240.55110879291	0.0	50.0
171	72	73	58240.55110879291	0.0	50.0
172	73	74	58240.55110879291	0.0	50.0
173	74	75	58240.55110879291	0.0	50.0
174	75	76	58240.55110879291	0.0	50.0
175	76	77	31395.127178283525	0.0	50.0
176	77	78	31395.127178283525	0.0	50.0
177	78	79	39980.92419893712	0.0	50.0
178	79	80	39980.92419893712	0.0	50.0
179	80	81	6835.532033886344	0.0	50.0
180	81	82	7133.65208296624	0.0	50.0
181	82	83	7133.65208296624	0.0	50.0
182	83	84	5142.6717147991685	0.0	50.0
183	84	85	10240.49499793833	0.0	50.0
184	85	86	264241.27020821674	0.0	50.0
185	86	87	37871.743144318	0.0	50.0
186	87	88	37871.743144318	0.0	50.0
187	88	89	27890.828570980404	0.0	50.0
188	89	90	79114.25005765111	0.0	50.0
189	90	91	68805.68536922302	0.0	50.0
190	91	92	68805.68536922302	0.0	50.0
191	92	93	26959.524839679005	0.0	50.0
192	93	94	25201.20889149423	0.0	50.0
193	94	95	25201.20889149423	0.0	50.0
194	95	96	29369.40971614012	0.0	50.0
195	96	97	13807.210611058674	0.0	50.0
196	97	98	13807.210611058674	0.0	50.0
197	98	99	3651.752112861252	0.0	50.0
198	99	100	5574.230581828761	0.0	50.0
199	100	101	10992.797287636104	0.0	50.0
200	101	102	10992.797287636104	0.0	50.0
201	102	103	7495.04195015415	0.0	50.0
202	103	104	11902.868857875244	0.0	50.0
203	104	105	43154.903848126494	0.0	50.0
204	105	106	660330.0139573732	0.0	50.0
205	106	107	660330.0139573732	0.0	50.0
206	107	108	95080.25319084268	0.0	50.0
207	108	109	50000.0	0.0	50.0
208	109	110	50000.0	0.0	50.0
209	110	111	50000.0	0.0	50.0
210	111	112	50000.0	0.0	50.0
211	112	113	50000.0	0.0	50.0
212	113	114	50000.0	0.0	50.0
213	114	115	35450.81491200325	0.0	50.0
214	115	116	35450.81491200325	0.0	50.0
215	116	117	35396.25056843208	0.0	50.0
216	117	118	35396.25056843208	0.0	50.0
217	118	119	26596.621466529272	0.0	50.0
218	119	120	26596.621466529272	0.0	50.0
219	120	121	13409.987691962522	0.0	50.0
220	121	122	50000.0	0.0	50.0
221	122	123	58800.72424124805	0.0	50.0
222	123	124	30179.622009686576	0.0	50.0
223	124	125	10135.366909567463	0.0	50.0
224	125	126	11410.023926051184	0.0	50.0
225	126	127	35980.6592550535	0.0	50.0
226	127	128	17029.482080429887	0.0	50.0
227	128	129	10661.089914357475	0.0	50.0
228	129	130	22693.77680794	0.0	50.0
229	130	131	46738.94843364845	0.0	50.0
230	131	132	46738.94843364845	0.0	50.0
231	132	133	30446.68263994602	0.0	50.0
232	133	134	5045.528523941562	0.0	50.0
233	134	135	7252.619500195159	0.0	50.0
234	135	136	8036.190285910616	0.0	50.0
235	136	137	68224.94722438198	0.0	50.0
236	137	138	82394.41454574135	0.0	50.0
237	138	139	88740.13415572375	0.0	50.0
