47.218,15
47.24,15
47.291,15
47.318,15
47.418,15
47.442,15
47.518,15
47.6,15
47.618,15
47.718,15
47.818,15
47.918,15
48.018,15
48.118,15
48.218,15
48.318,15
48.418,15
48.518,15
48.618,15
48.718,15
48.818,15
48.918,15
49.018,15
49.118,15
49.137,15
49.21,15
49.218,15
49.318,15
49.418,15
49.518,15
49.569,15
49.618,15
49.718,15
49.75,15
49.818,15
49.831,15
49.918,15
50.018,15
50.118,15
50.218,15
50.318,15
50.418,15
50.518,15
50.618,15
50.718,15
50.818,15
50.918,15
51.018,15
51.118,15
51.218,15
51.318,15
51.418,15
51.518,15
51.618,15
51.645,15
51.718,15
51.818,15
51.918,15
52.018,15
52.118,15
52.218,15
52.318,15
52.35,15
52.355,15
52.418,15
52.518,15
52.618,15
52.718,15
52.785,15
52.818,15
52.918,15
53.018,15
53.118,15
53.218,15
53.273,15
53.318,15
53.418,15
53.518,15
53.618,15
53.718,15
53.818,15
53.918,15
54.018,15
54.118,15
54.218,15
54.318,15
54.341,15
54.418,15
54.518,15
54.618,15
54.718,15
54.818,15
54.918,15
55.018,15
55.118,15
55.13,15
55.21,15
55.218,15
55.318,15
55.418,15
55.518,15
55.618,15
55.642,15
55.718,15
55.818,15
55.88,15
55.918,15
56.018,15
56.065,15
56.118,15
56.218,15
56.318,15
56.418,15
56.518,15
56.618,15
56.718,15
56.818,15
56.918,15
57.018,15
57.118,15
57.218,15
57.318,15
57.418,15
57.518,15
57.554,15
57.618,15
57.718,15
57.818,15
57.918,15
58.018,15
58.118,15
58.218,15
58.318,15
58.418,15
58.518,15
58.618,15
58.718,15
58.818,15
58.918,15
59.018,15
59.118,15
59.218,15
59.318,15
59.418,15
59.517,15
59.518,15
59.618,15
59.718,15
59.818,15
59.918,15
60.018,15
60.118,15
60.155,15
60.218,15
60.318,15
60.418,15
60.43,15
60.518,15
60.618,15
60.659,15
60.718,15
60.818,15
60.85,15
60.918,15
60.94,15
61.018,15
61.118,15
61.218,15
61.318,15
61.418,15
61.518,15
61.618,15
61.718,15
61.818,15
61.918,15
62.018,15
62.118,15
62.218,15
62.318,15
62.418,15
62.518,15
62.618,15
62.718,15
62.818,15
62.918,15
63.018,15
63.118,15
63.218,15
63.318,15
63.418,15
63.518,15
63.618,15
63.718,15
63.818,15
63.918,15
64.018,15
64.118,15
64.218,15
64.318,15
64.418,15
64.518,15
64.618,15
64.718,15
64.818,15
64.918,15
65.018,15
65.118,15
65.218,15
65.318,15
65.345,15
65.418,15
65.425,15
65.518,15
65.618,15
65.634,15
65.718,15
65.818,15
65.918,15
65.98,15
66.01,15
66.018,15
66.118,15
66.218,15
66.318,15
66.418,15
66.518,15
66.618,15
66.718,15
66.818,15
66.918,15
67.018,15
67.118,15
67.218,15
67.318,15
67.418,15
67.518,15
67.618,15
67.718,15
67.818,15
67.918,15
68.018,15
68.118,15
68.218,15
68.318,15
68.418,15
68.518,15
68.618,15
68.718,15
68.818,15
68.918,15
69.018,15
69.118,15
69.218,15
69.318,15
69.418,15
69.518,15
69.618,15
69.718,15
69.818,15
69.918,15
70.018,15
70.118,15
70.218,15
70.318,15
70.418,15
70.518,15
70.618,15
70.718,15
70.818,15
70.88,15
70.918,15
71.018,15
71.118,15
71.191,15
71.218,15
71.318,15
71.418,15
71.518,15
71.618,15
71.718,15
71.818,15
71.918,15
72.018,15
72.118,15
72.218,15
72.318,15
72.418,15
72.518,15
72.618,15
72.718,15
72.818,15
72.918,15
73.018,15
73.118,15
73.218,15
73.318,15
73.418,15
73.518,15
73.618,15
73.718,15
73.818,15
73.918,15
74.018,15
74.118,15
74.218,15
74.318,15
74.418,15
74.518,15
74.618,15
74.718,15
74.818,15
74.918,15
75.018,15
75.118,15
75.218,15
75.318,15
75.418,15
75.518,15
75.618,15
75.718,15
75.818,15
75.918,15
76.018,15
76.118,15
76.218,15
76.318,15
76.418,15
76.518,15
76.618,15
76.718,15
76.818,15
76.918,15
77.018,15
77.118,15
77.218,15
77.318,15
77.418,15
77.518,15
77.618,15
77.702,15
77.718,15
77.818,15
77.82,15
77.918,15
78.018,15
78.118,15
78.14,15
78.145,15
