37.953,21
38.013,21
38.053,21
38.153,21
38.217,21
38.253,21
38.353,21
38.384,21
38.453,21
38.553,21
38.653,21
38.753,21
38.853,21
38.858,21
38.953,21
39.053,21
39.109,21
39.153,21
39.253,21
39.353,21
39.453,21
39.553,21
39.653,21
39.753,21
39.831,21
39.853,21
39.953,21
40.053,21
40.153,21
40.253,21
40.353,21
40.453,21
40.553,21
40.653,21
40.753,21
40.853,21
40.953,21
41.053,21
41.153,21
41.253,21
41.301,21
41.353,21
41.453,21
41.553,21
41.653,21
41.753,21
41.853,21
41.953,21
42.053,21
42.113,21
42.153,21
42.253,21
42.305,21
42.353,21
42.453,21
42.472,21
42.553,21
42.653,21
42.753,21
42.853,21
42.953,21
43.053,21
43.153,21
43.253,21
43.353,21
43.453,21
43.454,21
43.553,21
43.653,21
43.753,21
43.853,21
43.953,21
44.053,21
44.153,21
44.253,21
44.342,21
44.353,21
44.453,21
44.553,21
44.653,21
44.753,21
44.853,21
44.953,21
45.053,21
45.153,21
45.253,21
45.349,21
45.353,21
45.453,21
45.553,21
45.653,21
45.753,21
45.853,21
45.953,21
46.053,21
46.075,21
46.153,21
46.253,21
46.353,21
46.453,21
46.553,21
46.653,21
46.753,21
46.783,21
46.853,21
46.953,21
47.053,21
47.153,21
47.253,21
47.262,21
47.353,21
47.453,21
47.553,21
47.646,21
47.653,21
47.753,21
47.853,21
47.953,21
48.053,21
48.153,21
48.253,21
48.353,21
48.453,21
48.553,21
48.653,21
48.753,21
48.853,21
48.953,21
49.053,21
49.101,21
49.153,21
49.17,21
49.201,21
49.253,21
49.349,21
49.353,21
49.453,21
49.553,21
49.569,21
49.58,21
49.653,21
49.694,21
