37.953,22
38.013,22
38.053,22
38.153,22
38.253,22
38.299,22
38.301,22
38.353,22
38.453,22
38.553,22
38.653,22
38.753,22
38.777,22
38.853,22
38.953,22
39.053,22
39.109,22
39.153,22
39.253,22
39.353,22
39.453,22
39.553,22
39.653,22
39.753,22
39.831,22
39.853,22
39.953,22
40.053,22
40.153,22
40.253,22
40.353,22
40.453,22
40.553,22
40.653,22
40.753,22
40.853,22
40.953,22
41.053,22
41.153,22
41.253,22
41.301,22
41.353,22
41.453,22
41.553,22
41.653,22
41.753,22
41.853,22
41.953,22
42.053,22
42.064,22
42.153,22
42.253,22
42.305,22
42.353,22
42.453,22
42.551,22
42.553,22
42.653,22
42.753,22
42.853,22
42.953,22
43.053,22
43.153,22
43.253,22
43.353,22
43.453,22
43.454,22
43.553,22
43.653,22
43.753,22
43.853,22
43.953,22
44.053,22
44.153,22
44.253,22
44.342,22
44.353,22
44.453,22
44.553,22
44.653,22
44.753,22
44.853,22
44.953,22
45.053,22
45.153,22
45.253,22
45.349,22
45.353,22
45.453,22
45.553,22
45.653,22
45.753,22
45.853,22
45.953,22
46.053,22
46.075,22
46.153,22
46.253,22
46.353,22
46.453,22
46.553,22
46.653,22
46.687,22
46.753,22
46.853,22
46.953,22
47.053,22
47.153,22
47.253,22
47.353,22
47.433,22
47.453,22
47.553,22
47.646,22
47.653,22
47.753,22
47.853,22
47.953,22
48.053,22
48.153,22
48.253,22
48.353,22
48.453,22
48.553,22
48.653,22
48.753,22
48.853,22
48.953,22
49.053,22
49.137,22
49.153,22
49.21,22
49.236,22
49.253,22
49.329,22
49.353,22
49.453,22
49.553,22
49.569,22
49.58,22
49.653,22
49.75,22
49.753,22
49.831,22
49.853,22
49.953,22
50.053,22
50.153,22
50.253,22
50.353,22
50.453,22
50.553,22
50.653,22
50.753,22
50.853,22
50.953,22
51.053,22
51.066,22
51.153,22
51.253,22
51.353,22
51.453,22
51.553,22
51.653,22
51.753,22
51.853,22
51.953,22
52.053,22
52.153,22
52.253,22
52.353,22
52.453,22
52.553,22
52.653,22
52.753,22
52.853,22
52.953,22
53.053,22
53.153,22
53.253,22
53.353,22
53.453,22
53.461,22
53.553,22
53.653,22
53.753,22
53.853,22
53.953,22
54.053,22
54.153,22
54.253,22
54.353,22
54.453,22
54.553,22
54.653,22
54.753,22
54.853,22
54.881,22
54.953,22
54.974,22
55.053,22
55.089,22
55.153,22
55.199,22
55.253,22
55.3,22
