100	1	2	10000	0.0	44.44444444444444
101	2	3	10000	0.0	44.44444444444444
102	3	4	10000	0.0	44.44444444444444
103	4	5	10000	0.0	44.44444444444444
104	5	6	10000	0.0	44.44444444444444
105	6	7	10000	0.0	44.44444444444444
106	7	8	10000	0.0	44.44444444444444
107	8	9	10000	0.0	44.44444444444444
108	9	10	10000	0.0	44.44444444444444
109	10	11	26379.364940350093	0.0	44.44444444444444
110	11	12	26379.364940350093	0.0	44.44444444444444
111	12	13	6627.166015508615	0.0	44.44444444444444
112	13	14	6718.653451170851	0.0	44.44444444444444
113	14	15	6718.653451170851	0.0	44.44444444444444
114	15	16	1688.9138535434108	0.0	44.44444444444444
115	16	17	1636.5674036892651	0.0	44.44444444444444
116	17	18	2153.7962014263894	0.0	44.44444444444444
117	18	19	1829.8718051438989	0.0	44.44444444444444
118	19	20	1731.8576949543487	0.0	44.44444444444444
119	20	21	2305.056478089934	0.0	44.44444444444444
120	21	22	41197.293419125264	0.0	44.44444444444444
121	22	23	145144.9871686315	0.0	44.44444444444444
122	23	24	171031.34252612595	0.0	44.44444444444444
123	24	25	171031.34252612595	0.0	44.44444444444444
124	25	26	171031.34252612595	0.0	44.44444444444444
125	26	27	99310.88493764817	0.0	44.44444444444444
126	27	28	99310.88493764817	0.0	44.44444444444444
127	28	29	99310.88493764817	0.0	44.44444444444444
128	29	30	337071.75647581025	0.0	44.44444444444444
129	30	31	337071.75647581025	0.0	44.44444444444444
130	31	32	205325.3639373521	0.0	44.44444444444444
131	32	33	166820.721840641	0.0	44.44444444444444
132	33	34	166820.721840641	0.0	44.44444444444444
133	34	35	166820.721840641	0.0	44.44444444444444
134	35	36	44998.74746392598	0.0	44.44444444444444
135	36	37	44998.74746392598	0.0	44.44444444444444
136	37	38	27140.23004060493	0.0	44.44444444444444
137	38	39	27140.23004060493	0.0	44.44444444444444
138	39	40	21905.41225979816	0.0	44.44444444444444
139	40	41	21905.41225979816	0.0	44.44444444444444
140	41	42	97380.06947778116	0.0	44.44444444444444
141	42	43	88967.96750524786	0.0	44.44444444444444
142	43	44	765146.0806423064	0.0	44.44444444444444
143	44	45	99335.05642548935	0.0	44.44444444444444
144	45	46	54557.35511475917	0.0	44.44444444444444
145	46	47	54557.35511475917	0.0	44.44444444444444
146	47	48	54557.35511475917	0.0	44.44444444444444
147	48	49	54557.35511475917	0.0	44.44444444444444
148	49	50	46628.477844574496	0.0	44.44444444444444
149	50	51	46628.477844574496	0.0	44.44444444444444
150	51	52	32302.05394659343	0.0	44.44444444444444
151	52	53	48657.61043076915	0.0	44.44444444444444
152	53	54	170623.92894739623	0.0	44.44444444444444
153	54	55	1892.847930337276	0.0	44.44444444444444
154	55	56	1892.847930337276	0.0	44.44444444444444
155	56	57	1200.9558814005163	0.0	44.44444444444444
156	57	58	286344.53615654993	0.0	44.44444444444444
157	58	59	46370.789121948605	0.0	44.44444444444444
158	59	60	46370.789121948605	0.0	44.44444444444444
159	60	61	61018.43263221565	0.0	44.44444444444444
160	61	62	61018.43263221565	0.0	44.44444444444444
161	62	63	190059.09599341103	0.0	44.44444444444444
162	63	64	190059.09599341103	0.0	44.44444444444444
163	64	65	1214259.4107629382	0.0	44.44444444444444
164	65	66	1214259.4107629382	0.0	44.44444444444444
165	66	67	1214259.4107629382	0.0	44.44444444444444
166	67	68	1214259.4107629382	0.0	44.44444444444444
167	68	69	357520.68599938264	0.0	44.44444444444444
168	69	70	357520.68599938264	0.0	44.44444444444444
169	70	71	357520.68599938264	0.0	44.44444444444444
170	71	72	50000.0	0.0	38.888888888888886
171	72	73	16013.612419081062	0.0	38.888888888888886
172	73	74	50000.0	0.0	38.888888888888886
173	74	75	50000.0	0.0	38.888888888888886
174	75	76	4315.3102373318015	0.0	38.888888888888886
175	76	77	4315.3102373318015	0.0	38.888888888888886
176	77	78	35080.253815563265	0.0	38.888888888888886
177	78	79	35080.253815563265	0.0	38.888888888888886
178	79	80	3089.33703493424	0.0	38.888888888888886
179	80	81	50000.0	0.0	38.888888888888886
180	81	82	50000.0	0.0	38.888888888888886
181	82	83	50000.0	0.0	38.888888888888886
182	83	84	50000.0	0.0	38.888888888888886
183	84	85	1670.9685738962755	0.0	44.44444444444444
184	85	86	1536.338014867769	0.0	44.44444444444444
185	86	87	3594.9617240181733	0.0	44.44444444444444
186	87	88	4171.621847601993	0.0	44.44444444444444
187	88	89	2238.995979550677	0.0	44.44444444444444
188	89	90	2053.355247005757	0.0	44.44444444444444
189	90	91	1416887.1976552403	0.0	44.44444444444444
190	91	92	1416887.1976552403	0.0	44.44444444444444
191	92	93	1416887.1976552403	0.0	44.44444444444444
192	93	94	1416887.1976552403	0.0	44.44444444444444
193	94	95	1416887.1976552403	0.0	44.44444444444444
194	95	96	1416887.1976552403	0.0	44.44444444444444
195	96	97	1416887.1976552403	0.0	44.44444444444444
196	97	98	1416887.1976552403	0.0	44.44444444444444
197	98	99	336028.81003112555	0.0	44.44444444444444
198	99	100	336028.81003112555	0.0	44.44444444444444
199	100	101	336028.81003112555	0.0	44.44444444444444
200	101	102	336028.81003112555	0.0	44.44444444444444
201	102	103	336028.81003112555	0.0	44.44444444444444
202	103	104	336028.81003112555	0.0	44.44444444444444
203	104	105	336028.81003112555	0.0	44.44444444444444
204	105	106	336028.81003112555	0.0	44.44444444444444
205	106	107	80995.50615553757	0.0	44.44444444444444
206	107	108	80995.50615553757	0.0	44.44444444444444
207	108	109	80995.50615553757	0.0	44.44444444444444
208	109	110	80995.50615553757	0.0	44.44444444444444
209	110	111	80995.50615553757	0.0	44.44444444444444
210	111	112	2861.484111360945	0.0	44.44444444444444
211	112	113	2861.484111360945	0.0	44.44444444444444
212	113	114	2861.484111360945	0.0	44.44444444444444
213	114	115	53039.91100780332	0.0	44.44444444444444
214	115	116	38046.72407189865	0.0	44.44444444444444
215	116	117	38046.72407189865	0.0	44.44444444444444
216	117	118	47585.858925984016	0.0	44.44444444444444
217	118	119	86150.40358468416	0.0	44.44444444444444
218	119	120	16687.81593395612	0.0	44.44444444444444
219	120	121	63569.054084772	0.0	44.44444444444444
220	121	122	72282.09822726966	0.0	44.44444444444444
221	122	123	96579.05638670812	0.0	44.44444444444444
222	123	124	13741.00688972634	0.0	44.44444444444444
223	124	125	13741.00688972634	0.0	44.44444444444444
224	125	126	2991.9240487956204	0.0	44.44444444444444
225	126	127	1680.3987708585612	0.0	44.44444444444444
226	127	128	3691.790611006392	0.0	44.44444444444444
227	128	129	931.6377670816386	0.0	44.44444444444444
228	129	130	26350.943968691576	0.0	44.44444444444444
229	130	131	10934.064090481195	0.0	44.44444444444444
230	131	132	13102.474239149453	0.0	44.44444444444444
231	132	133	8375.937847631143	0.0	44.44444444444444
232	133	134	6678.18930571792	0.0	44.44444444444444
233	134	135	66014.35896091082	0.0	44.44444444444444
234	135	136	70761.85259980097	0.0	44.44444444444444
235	136	137	80482.06150409713	0.0	44.44444444444444
236	137	138	11721.083903835655	0.0	44.44444444444444
237	138	139	15796.086724980376	0.0	44.44444444444444
238	139	140	4855.188469071734	0.0	44.44444444444444
239	140	141	88221.88721774293	0.0	44.44444444444444
240	141	142	6274.575816324164	0.0	44.44444444444444
241	142	143	1727.2683630055203	0.0	44.44444444444444
242	143	144	2297.5694738668503	0.0	44.44444444444444
243	144	145	7379.211334772901	0.0	44.44444444444444
244	145	146	22571.24639429632	0.0	44.44444444444444
245	146	147	38833.41752611982	0.0	44.44444444444444
246	147	148	28416.31656079321	0.0	44.44444444444444
247	148	149	50378.03638190719	0.0	44.44444444444444
248	149	150	50378.03638190719	0.0	44.44444444444444
249	150	151	89347.82562226716	0.0	44.44444444444444
250	151	152	14498.643118820037	0.0	44.44444444444444
251	152	153	18900.882116569534	0.0	44.44444444444444
252	153	154	18900.882116569534	0.0	44.44444444444444
253	154	155	2832.9507482638464	0.0	44.44444444444444
254	155	156	17974.781758992445	0.0	44.44444444444444
255	156	157	17974.781758992445	0.0	44.44444444444444
256	157	158	31030.7297541359	0.0	44.44444444444444
257	158	159	31893.735294807622	0.0	44.44444444444444
258	159	160	31893.735294807622	0.0	44.44444444444444
259	160	161	30713.59139351156	0.0	44.44444444444444
260	161	162	5948.330937550616	0.0	44.44444444444444
261	162	163	2188.409631884434	0.0	44.44444444444444
262	163	164	28927.10749681361	0.0	44.44444444444444
263	164	165	15201.636787310174	0.0	44.44444444444444
264	165	166	10467.277487322754	0.0	44.44444444444444
265	166	167	21570.34268392132	0.0	44.44444444444444
266	167	168	10120.469200367635	0.0	44.44444444444444
267	168	169	16820.560023921837	0.0	44.44444444444444
268	169	170	97158.03127278652	0.0	44.44444444444444
269	170	171	9815.630331043894	0.0	44.44444444444444
270	171	172	10703.842385082056	0.0	44.44444444444444
271	172	173	10703.842385082056	0.0	44.44444444444444
272	173	174	4289.626456979558	0.0	44.44444444444444
273	174	175	8150.736930340215	0.0	44.44444444444444
274	175	176	29438.17645350173	0.0	44.44444444444444
275	176	177	36690.18931517456	0.0	44.44444444444444
276	177	178	14913.96193690255	0.0	44.44444444444444
277	178	179	13615.020543945317	0.0	44.44444444444444
278	179	180	22882.39335323987	0.0	44.44444444444444
279	180	181	22882.39335323987	0.0	44.44444444444444
280	181	182	98551.9962484309	0.0	44.44444444444444
281	182	183	77574.51833930776	0.0	44.44444444444444
282	183	184	10410.94204186194	0.0	44.44444444444444
283	184	185	4583.993692539316	0.0	44.44444444444444
284	185	186	34402.87323856971	0.0	44.44444444444444
285	186	187	34402.87323856971	0.0	44.44444444444444
286	187	188	74333.34346320416	0.0	44.44444444444444
287	188	189	30878.50377762979	0.0	44.44444444444444
288	189	190	34407.12372598957	0.0	44.44444444444444
289	190	191	16648.86131604428	0.0	44.44444444444444
290	191	192	16612.67821895006	0.0	44.44444444444444
291	192	193	50000.0	0.0	44.44444444444444
292	193	194	54826.26594140654	0.0	44.44444444444444
293	194	195	54826.26594140654	0.0	44.44444444444444
294	195	196	12120.493962744244	0.0	44.44444444444444
295	196	197	6376.424852484804	0.0	44.44444444444444
296	197	198	9936.904947387558	0.0	44.44444444444444
297	198	199	45233.85598761835	0.0	44.44444444444444
298	199	200	52403.3046925372	0.0	44.44444444444444
299	200	201	95916.0229063745	0.0	44.44444444444444
300	201	202	88640.35592531449	0.0	44.44444444444444
301	202	203	331562.99917113857	0.0	44.44444444444444
302	203	204	237947.17173107545	0.0	44.44444444444444
303	204	205	162940.37416567132	0.0	44.44444444444444
304	205	206	87549.04906917903	0.0	44.44444444444444
305	206	207	22565.02775382451	0.0	44.44444444444444
306	207	208	22565.02775382451	0.0	44.44444444444444
307	208	209	14233.859184729114	0.0	44.44444444444444
308	209	210	874709.6107278846	0.0	44.44444444444444
309	210	211	208658.94375401144	0.0	44.44444444444444
310	211	212	103363.00167976336	0.0	44.44444444444444
311	212	213	103363.00167976336	0.0	44.44444444444444
312	213	214	198943.1927171208	0.0	44.44444444444444
313	214	215	122752.72742553851	0.0	44.44444444444444
314	215	216	41158.7392000333	0.0	44.44444444444444
315	216	217	47880.34054984974	0.0	44.44444444444444
316	217	218	48494.20956662875	0.0	44.44444444444444
317	218	219	5101.981100438633	0.0	44.44444444444444
318	219	220	13086.252664637772	0.0	44.44444444444444
319	220	221	13086.252664637772	0.0	44.44444444444444
320	221	222	78896.2855354721	0.0	44.44444444444444
321	222	223	136564.87768661472	0.0	44.44444444444444
322	223	224	60012.70747957451	0.0	44.44444444444444
323	224	225	52894.90004905335	0.0	44.44444444444444
324	225	226	42355.22540802246	0.0	44.44444444444444
325	226	227	8444.767549635435	0.0	44.44444444444444
326	227	228	5102.022484179274	0.0	44.44444444444444
327	228	229	11121.542664751929	0.0	44.44444444444444
328	229	230	14002.900227697271	0.0	44.44444444444444
329	230	231	85234.48619826957	0.0	44.44444444444444
330	231	232	85964.2797859776	0.0	44.44444444444444
331	232	233	33682.7571944207	0.0	44.44444444444444
332	233	234	62491.90313819527	0.0	44.44444444444444
333	234	235	3642.964850484957	0.0	44.44444444444444
334	235	236	3642.964850484957	0.0	44.44444444444444
335	236	237	3642.964850484957	0.0	44.44444444444444
336	237	238	3642.964850484957	0.0	44.44444444444444
337	238	239	4628.596776370805	0.0	44.44444444444444
338	239	240	3453.048859965032	0.0	44.44444444444444
339	240	241	6205.440496829991	0.0	44.44444444444444
340	241	242	7587.581937496153	0.0	44.44444444444444
341	242	243	11378.407100502687	0.0	44.44444444444444
342	243	244	35021.1396807273	0.0	44.44444444444444
343	244	245	16108.252809611056	0.0	44.44444444444444
344	245	246	16764.390843940942	0.0	44.44444444444444
345	246	247	15256.8359669284	0.0	44.44444444444444
346	247	248	5660.205648236801	0.0	44.44444444444444
347	248	249	9704.633505312122	0.0	44.44444444444444
348	249	250	4713.312243133801	0.0	44.44444444444444
349	250	251	4803.891777136435	0.0	44.44444444444444
350	251	252	17500.794207554318	0.0	44.44444444444444
351	252	253	9206.722894940382	0.0	44.44444444444444
352	253	254	3649.065835057896	0.0	44.44444444444444
353	254	255	2179.661351194828	0.0	44.44444444444444
354	255	256	50000.0	0.0	44.44444444444444
355	256	257	50000.0	0.0	16.666666666666668
356	257	258	50000.0	0.0	16.666666666666668
357	258	259	50000.0	0.0	16.666666666666668
358	259	260	50000.0	0.0	16.666666666666668
359	260	261	95283.7419125396	0.0	16.666666666666668
360	261	262	95283.7419125396	0.0	16.666666666666668
361	262	263	11499.081537739175	0.0	16.666666666666668
362	263	264	10368.731973443602	0.0	16.666666666666668
363	264	265	20421.935774597605	0.0	16.666666666666668
364	265	266	37727.4579367628	0.0	44.44444444444444
365	266	267	5546.819702083768	0.0	44.44444444444444
366	267	268	4363.769400362031	0.0	44.44444444444444
367	268	269	1582.9127664343598	0.0	44.44444444444444
368	269	270	40857.46925327646	0.0	44.44444444444444
369	270	271	132125.777481908	0.0	44.44444444444444
370	271	272	7464.83973739225	0.0	44.44444444444444
371	272	273	5539.287189460739	0.0	44.44444444444444
372	273	274	6173.734672019142	0.0	44.44444444444444
373	274	275	4616.368720762346	0.0	44.44444444444444
374	275	276	2060.0183615675114	0.0	44.44444444444444
375	276	277	39450.61911108427	0.0	44.44444444444444
376	277	278	67847.16525948852	0.0	44.44444444444444
377	278	279	33672.47078815406	0.0	44.44444444444444
378	279	280	24384.14021536861	0.0	44.44444444444444
379	280	281	13439.2178399618	0.0	44.44444444444444
380	281	282	60225.24230289261	0.0	44.44444444444444
381	282	283	1096.775115063965	0.0	44.44444444444444
382	283	284	4464.829316213576	0.0	44.44444444444444
383	284	285	5600.695906817052	0.0	44.44444444444444
384	285	286	6129.266206920287	0.0	44.44444444444444
385	286	287	5033.344714150193	0.0	44.44444444444444
386	287	288	4379.348083506736	0.0	44.44444444444444
387	288	289	10791.422494714889	0.0	44.44444444444444
388	289	290	54084.53664732865	0.0	55.55555555555556
389	290	291	54084.53664732865	0.0	55.55555555555556
390	291	292	23528.96154893345	0.0	55.55555555555556
391	292	293	23528.96154893345	0.0	55.55555555555556
392	293	294	23528.96154893345	0.0	55.55555555555556
393	294	295	23528.96154893345	0.0	55.55555555555556
394	295	296	23528.96154893345	0.0	55.55555555555556
395	296	297	23528.96154893345	0.0	55.55555555555556
396	297	298	4742.256717909672	0.0	55.55555555555556
397	298	299	4180.485359184361	0.0	55.55555555555556
398	299	300	4790.098549892271	0.0	55.55555555555556
399	300	301	4299.766273856433	0.0	55.55555555555556
400	301	302	3993.019731957724	0.0	55.55555555555556
401	302	303	3779.6636301527446	0.0	55.55555555555556
402	303	304	4680.779801972772	0.0	55.55555555555556
403	304	305	26921.40556366503	0.0	55.55555555555556
404	305	306	13058.904866174962	0.0	55.55555555555556
405	306	307	13058.904866174962	0.0	55.55555555555556
406	307	308	13058.904866174962	0.0	55.55555555555556
407	308	309	74346.84405418675	0.0	55.55555555555556
408	309	310	34747.44332205648	0.0	55.55555555555556
409	310	311	5822.220828550953	0.0	55.55555555555556
410	311	312	5569.632003865658	0.0	55.55555555555556
411	312	313	5998.678180230597	0.0	55.55555555555556
412	313	314	5163.121594741808	0.0	55.55555555555556
413	314	315	5234.555918512844	0.0	55.55555555555556
414	315	316	4320.141520179059	0.0	55.55555555555556
415	316	317	2263.0840232433443	0.0	55.55555555555556
416	317	318	4527.260795018133	0.0	55.55555555555556
417	318	319	13497.820103727678	0.0	55.55555555555556
418	319	320	4290.437142853228	0.0	55.55555555555556
419	320	321	8680.923897340186	0.0	55.55555555555556
420	321	322	8440.53936705992	0.0	55.55555555555556
421	322	323	410285.1248930359	0.0	55.55555555555556
422	323	324	410285.1248930359	0.0	55.55555555555556
423	324	325	281994.5354491321	0.0	55.55555555555556
424	325	326	65047.286894504345	0.0	55.55555555555556
425	326	327	44536.03079517988	0.0	55.55555555555556
426	327	328	51411.17292514176	0.0	55.55555555555556
427	328	329	218333.72093143425	0.0	55.55555555555556
428	329	330	93579.91097700656	0.0	55.55555555555556
429	330	331	93579.91097700656	0.0	55.55555555555556
430	331	332	20559.276729979923	0.0	55.55555555555556
431	332	333	19320.640229617737	0.0	55.55555555555556
432	333	334	19320.640229617737	0.0	55.55555555555556
433	334	335	19320.640229617737	0.0	55.55555555555556
434	335	336	50000.0	0.0	55.55555555555556
435	336	337	50000.0	0.0	55.55555555555556
436	337	338	25310.54435799884	0.0	55.55555555555556
437	338	339	3169.1708148835687	0.0	55.55555555555556
438	339	340	23194.88446951312	0.0	55.55555555555556
439	340	341	23194.88446951312	0.0	55.55555555555556
440	341	342	23194.88446951312	0.0	55.55555555555556
441	342	343	16120.871361495458	0.0	55.55555555555556
442	343	344	50000.0	0.0	55.55555555555556
443	344	345	50000.0	0.0	55.55555555555556
444	345	346	1049990.7463019816	0.0	55.55555555555556
445	346	347	67058.70094039667	0.0	55.55555555555556
446	347	348	67058.70094039667	0.0	55.55555555555556
447	348	349	30359.36197035534	0.0	55.55555555555556
448	349	350	30359.36197035534	0.0	55.55555555555556
449	350	351	32525.66930727745	0.0	55.55555555555556
450	351	352	5660.470224751009	0.0	55.55555555555556
451	352	353	5660.470224751009	0.0	55.55555555555556
452	353	354	7971.662247799089	0.0	55.55555555555556
453	354	355	7159.262904078193	0.0	55.55555555555556
454	355	356	7507.2892101301695	0.0	55.55555555555556
455	356	357	10404.31985865693	0.0	55.55555555555556
456	357	358	15516.315344431525	0.0	55.55555555555556
457	358	359	307260.1879880069	0.0	55.55555555555556
458	359	360	307260.1879880069	0.0	55.55555555555556
459	360	361	236355.1580956143	0.0	55.55555555555556
460	361	362	151544.97887584165	0.0	55.55555555555556
461	362	363	151544.97887584165	0.0	55.55555555555556
462	363	364	51607.90419638144	0.0	55.55555555555556
463	364	365	51607.90419638144	0.0	55.55555555555556
464	365	366	39568.5982737282	0.0	55.55555555555556
465	366	367	45545.6509463629	0.0	50.0
466	367	368	31349.462014873858	0.0	50.0
467	368	369	50000.0	0.0	50.0
468	369	370	1256678.183492185	0.0	50.0
469	370	371	46791.85986984721	0.0	50.0
470	371	372	30237.82404202006	0.0	50.0
471	372	373	35581.26440154789	0.0	50.0
472	373	374	35581.26440154789	0.0	50.0
473	374	375	56099.885048330965	0.0	50.0
474	375	376	50000.0	0.0	50.0
475	376	377	39547.17528567601	0.0	50.0
476	377	378	9417.676740504025	0.0	50.0
477	378	379	40625.35811046928	0.0	50.0
478	379	380	12179.86696800063	0.0	50.0
479	380	381	10678.684344482846	0.0	50.0
480	381	382	57800.17610226991	0.0	50.0
481	382	383	5698.352750320719	0.0	50.0
482	383	384	18620.94931794949	0.0	50.0
483	384	385	45476.970615374434	0.0	50.0
484	385	386	20451.54833778657	0.0	50.0
485	386	387	88923.71703405565	0.0	50.0
486	387	388	7013.103669619497	0.0	50.0
487	388	389	7921.531234532023	0.0	50.0
488	389	390	95149.47516024746	0.0	50.0
489	390	391	67059.11844632617	0.0	50.0
490	391	392	30068.970392251053	0.0	50.0
