100	1	2	10000.0	0.0	16.666666666666668
101	2	3	10000.0	0.0	16.666666666666668
102	3	4	10000.0	0.0	16.666666666666668
103	4	5	10000.0	0.0	16.666666666666668
104	5	6	948.8143597552742	0.0	11.11111111111111
105	6	7	365.1052965597028	0.0	11.11111111111111
106	7	8	10000.0	0.0	11.11111111111111
107	8	9	10000.0	0.0	11.11111111111111
108	9	10	10000.0	0.0	11.11111111111111
109	10	11	10000.0	-0.0	11.11111111111111
110	11	12	2780.026420560866	-0.0	16.666666666666668
111	12	13	2830.51244248277	-0.0	16.666666666666668
112	13	14	10000.0	-0.0	16.666666666666668
113	14	15	6651.555758295458	-0.0	27.77777777777778
114	15	16	6651.555758295458	-0.0	27.77777777777778
115	16	17	3290.28231128554	-0.0	27.77777777777778
116	17	18	5026.1551382602565	-0.0	27.77777777777778
117	18	19	10000.0	-0.0	27.77777777777778
118	19	20	10000.0	-0.0	27.77777777777778
119	20	21	10000.0	-0.0	27.77777777777778
120	21	22	10000.0	-0.0	27.77777777777778
121	22	23	10000.0	-0.0	27.77777777777778
122	23	24	9335.973522741064	-0.0	27.77777777777778
123	24	25	10000.0	-0.0	27.77777777777778
124	25	26	7438.471642201553	-0.0	27.77777777777778
125	26	27	7438.471642201553	-0.0	27.77777777777778
126	27	28	5593.009526004525	-0.0	27.77777777777778
127	28	29	10000.0	-0.0	27.77777777777778
128	29	30	10000.0	-0.0	27.77777777777778
129	30	31	10000.0	-0.0	22.22222222222222
130	31	32	10000.0	-0.0	22.22222222222222
131	32	33	10000.0	-0.0	22.22222222222222
132	33	34	10000.0	-0.0	22.22222222222222
133	34	35	10000.0	-0.0	22.22222222222222
134	35	36	10000.0	-0.0	22.22222222222222
135	36	37	10000.0	-0.0	22.22222222222222
136	37	38	10000.0	-0.0	22.22222222222222
137	38	39	10000.0	-0.0	22.22222222222222
138	39	40	4572.595075912741	-0.0	22.22222222222222
139	40	41	5333.0197111723055	-0.0	22.22222222222222
140	41	42	10000.0	-0.0	27.77777777777778
141	42	43	10000.0	-0.0	33.333333333333336
142	43	44	10000.0	-0.0	33.333333333333336
143	44	45	10000.0	-0.0	33.333333333333336
144	45	46	10000.0	-0.0	33.333333333333336
145	46	47	10000.0	-0.0	33.333333333333336
146	47	48	10000.0	-0.0	33.333333333333336
147	48	49	10000.0	-0.0	33.333333333333336
148	49	50	10000.0	-0.0	33.333333333333336
149	50	51	10000.0	-0.0	27.77777777777778
150	51	52	10000.0	-0.0	27.77777777777778
151	52	53	10000.0	-0.0	27.77777777777778
152	53	54	10000.0	-0.0	27.77777777777778
153	54	55	10000.0	-0.0	27.77777777777778
154	55	56	10000.0	-0.0	27.77777777777778
155	56	57	10000.0	-0.0	27.77777777777778
156	57	58	10000.0	-0.0	27.77777777777778
157	58	59	10000.0	-0.0	27.77777777777778
158	59	60	10000.0	-0.0	27.77777777777778
159	60	61	10000.0	-0.0	27.77777777777778
160	61	62	10000.0	-0.0	27.77777777777778
161	62	63	10000.0	-0.0	27.77777777777778
162	63	64	10000.0	-0.0	27.77777777777778
163	64	65	10000.0	-0.0	27.77777777777778
164	65	66	10000.0	-0.0	27.77777777777778
165	66	67	10000.0	-0.0	27.77777777777778
166	67	68	10000.0	-0.0	27.77777777777778
167	68	69	10000.0	-0.0	27.77777777777778
168	69	70	10000.0	-0.0	33.333333333333336
169	70	71	10000.0	-0.0	33.333333333333336
170	71	72	10000.0	-0.0	33.333333333333336
171	72	73	10000.0	-0.0	33.333333333333336
172	73	74	10000.0	-0.0	33.333333333333336
173	74	75	10000.0	-0.0	33.333333333333336
174	75	76	10000.0	-0.0	33.333333333333336
175	76	77	10000.0	-0.0	33.333333333333336
176	77	78	10000.0	-0.0	33.333333333333336
177	78	79	10000.0	-0.0	33.333333333333336
178	79	80	10000.0	-0.0	33.333333333333336
179	80	81	10000.0	-0.0	33.333333333333336
180	81	82	10000.0	-0.0	33.333333333333336
181	82	83	10000.0	-0.0	33.333333333333336
182	83	84	10000.0	-0.0	33.333333333333336
183	84	85	10000.0	-0.0	33.333333333333336
184	85	86	10000.0	-0.0	33.333333333333336
185	86	87	10000.0	-0.0	33.333333333333336
186	87	88	10000.0	-0.0	33.333333333333336
187	88	89	10000.0	-0.0	33.333333333333336
188	89	90	10000.0	-0.0	33.333333333333336
189	90	91	10000.0	-0.0	33.333333333333336
190	91	92	10000.0	-0.0	33.333333333333336
191	92	93	10000.0	-0.0	33.333333333333336
192	93	94	10000.0	-0.0	33.333333333333336
193	94	95	10000.0	-0.0	33.333333333333336
194	95	96	10000.0	-0.0	33.333333333333336
195	96	97	10000.0	-0.0	33.333333333333336
196	97	98	10000.0	-0.0	33.333333333333336
197	98	99	10000.0	-0.0	33.333333333333336
198	99	100	10000.0	-0.0	33.333333333333336
199	100	101	10000.0	-0.0	33.333333333333336
200	101	102	6502.267241012082	-0.0	33.333333333333336
201	102	103	7280.771034440525	-0.0	33.333333333333336
202	103	104	10000.0	-0.0	33.333333333333336
203	104	105	10000.0	-0.0	33.333333333333336
204	105	106	10000.0	-0.0	33.333333333333336
205	106	107	10000.0	-0.0	33.333333333333336
206	107	108	10000.0	-0.0	33.333333333333336
207	108	109	10000.0	-0.0	33.333333333333336
208	109	110	6032.497800052503	-0.0	33.333333333333336
209	110	111	6032.497800052503	-0.0	33.333333333333336
210	111	112	6032.497800052503	-0.0	33.333333333333336
211	112	113	6032.497800052503	-0.0	33.333333333333336
212	113	114	3113.208422919871	-0.0	33.333333333333336
213	114	115	3268.2035772004183	-0.0	33.333333333333336
214	115	116	2856.0718489937794	-0.0	33.333333333333336
215	116	117	4187.953092100376	-0.0	33.333333333333336
216	117	118	4229.707673697803	-0.0	33.333333333333336
217	118	119	3704.4623093513073	-0.0	33.333333333333336
218	119	120	10000.0	-0.0	33.333333333333336
219	120	121	10000.0	-0.0	33.333333333333336
220	121	122	10000.0	-0.0	33.333333333333336
221	122	123	10000.0	-0.0	33.333333333333336
222	123	124	10000.0	-0.0	33.333333333333336
223	124	125	10000.0	-0.0	33.333333333333336
224	125	126	10000.0	-0.0	33.333333333333336
225	126	127	10000.0	-0.0	33.333333333333336
226	127	128	10000.0	-0.0	33.333333333333336
227	128	129	10000.0	-0.0	33.333333333333336
228	129	130	10000.0	-0.0	33.333333333333336
229	130	131	10000.0	-0.0	33.333333333333336
230	131	132	10000.0	-0.0	33.333333333333336
231	132	133	10000.0	-0.0	33.333333333333336
232	133	134	10000.0	-0.0	33.333333333333336
233	134	135	10000.0	-0.0	33.333333333333336
234	135	136	10000.0	-0.0	33.333333333333336
235	136	137	10000.0	-0.0	33.333333333333336
236	137	138	10000.0	-0.0	33.333333333333336
237	138	139	10000.0	-0.0	33.333333333333336
238	139	140	10000.0	-0.0	33.333333333333336
239	140	141	10000.0	-0.0	33.333333333333336
240	141	142	10000.0	-0.0	33.333333333333336
241	142	143	10000.0	-0.0	33.333333333333336
242	143	144	10000.0	-0.0	33.333333333333336
243	144	145	10000.0	-0.0	33.333333333333336
244	145	146	10000.0	-0.0	33.333333333333336
245	146	147	10000.0	-0.0	33.333333333333336
246	147	148	10000.0	-0.0	33.333333333333336
247	148	149	10000.0	-0.0	33.333333333333336
248	149	150	10000.0	-0.0	33.333333333333336
249	150	151	10000.0	-0.0	33.333333333333336
250	151	152	10000.0	-0.0	33.333333333333336
251	152	153	10000.0	-0.0	33.333333333333336
252	153	154	10000.0	-0.0	33.333333333333336
253	154	155	10000.0	-0.0	33.333333333333336
254	155	156	10000.0	-0.0	33.333333333333336
255	156	157	10000.0	-0.0	33.333333333333336
256	157	158	10000.0	-0.0	33.333333333333336
257	158	159	10000.0	-0.0	33.333333333333336
258	159	160	10000.0	-0.0	33.333333333333336
259	160	161	10000.0	-0.0	25.0
260	161	162	10000.0	-0.0	25.0
261	162	163	10000.0	-0.0	25.0
262	163	164	10000.0	-0.0	25.0
263	164	165	10000.0	-0.0	25.0
264	165	166	10000.0	-0.0	25.0
265	166	167	10000.0	-0.0	25.0
266	167	168	10000.0	-0.0	25.0
267	168	169	10000.0	-0.0	25.0
268	169	170	10000.0	-0.0	25.0
269	170	171	10000.0	-0.0	25.0
270	171	172	10000.0	-0.0	25.0
271	172	173	10000.0	-0.0	25.0
272	173	174	5587.337104720358	-0.0	25.0
273	174	175	5587.337104720358	-0.0	25.0
274	175	176	5587.337104720358	-0.0	25.0
275	176	177	3906.3838852936506	-0.0	25.0
276	177	178	6538.813844624028	-0.0	25.0
277	178	179	4166.506797794386	-0.0	25.0
278	179	180	3278.7709332890126	-0.0	25.0
279	180	181	2897.6204570333	-0.0	25.0
280	181	182	2861.767682807504	-0.0	25.0
281	182	183	2861.767682807504	-0.0	25.0
282	183	184	10000.0	-0.0	25.0
283	184	185	10000.0	-0.0	25.0
284	185	186	2379.538956157104	-0.0	25.0
285	186	187	2379.538956157104	-0.0	25.0
